wl	skyl	Attenzione, da 1000 nm in poi è assegnata costante
400	0.464622325	
401	0.46263695	
402	0.460681083	
403	0.458738736	
404	0.456799397	
405	0.454795803	
406	0.452957022	
407	0.451040299	
408	0.449124594	
409	0.447271595	
410	0.445501259	
411	0.443559617	
412	0.441855733	
413	0.440018864	
414	0.438204757	
415	0.436428509
416	0.43471078
417	0.432995239
418	0.431184185
419	0.429499317
420	0.427773852
421	0.426114629
422	0.424476609
423	0.422758612
424	0.42109176
425	0.419488777
426	0.417885937
427	0.416326511
428	0.414655154
429	0.413125937
430	0.411639199
431	0.40986316
432	0.408435158
433	0.406865019
434	0.405400467
435	0.403888911
436	0.402289563
437	0.400881231
438	0.399403713
439	0.397852923
440	0.396437196
441	0.39505269
442	0.393510098
443	0.391815527
444	0.390603154
445	0.38921166
446	0.387818486
447	0.386578214
448	0.385299891
449	0.384041461
450	0.382682154
451	0.381349252
452	0.380152748
453	0.37884668
454	0.377497701
455	0.376232822
456	0.374937777
457	0.373713484
458	0.372465251
459	0.371125928
460	0.369940709
461	0.368673589
462	0.367474577
463	0.366236876
464	0.365052274
465	0.363851976
466	0.362736548
467	0.361540207
468	0.36035826
469	0.359139104
470	0.357862343
471	0.356855459
472	0.355685218
473	0.354611414
474	0.353491274
475	0.352429297
476	0.351305512
477	0.350222693
478	0.349188117
479	0.348100759
480	0.34700843
481	0.345935258
482	0.344875449
483	0.34387319
484	0.342878726
485	0.341747613
486	0.340763718
487	0.339723162
488	0.338765946
489	0.337731734
490	0.336807114
491	0.335869957
492	0.334943344
493	0.333923409
494	0.333040354
495	0.332127064
496	0.331195855
497	0.330254894
498	0.329373404
499	0.328405005
500	0.327505994
501	0.326585878
502	0.325387379
503	0.323939142
504	0.321806645
505	0.322318617
506	0.321368883
507	0.32042013
508	0.319726153
509	0.319402649
510	0.318934894
511	0.318328739
512	0.317744379
513	0.317075992
514	0.316350537
515	0.315700221
516	0.31496013
517	0.314384441
518	0.313674988
519	0.312956255
520	0.312357751
521	0.311680468
522	0.311078388
523	0.310416445
524	0.309676193
525	0.309075681
526	0.308506577
527	0.307751949
528	0.307196824
529	0.3065658
530	0.305856013
531	0.305242485
532	0.304613471
533	0.304009443
534	0.303262403
535	0.302692175
536	0.301980814
537	0.301370671
538	0.300650399
539	0.299923367
540	0.298983347
541	0.297681852
542	0.297125367
543	0.296741412
544	0.295958197
545	0.295313019
546	0.29441899
547	0.294043528
548	0.29367635
549	0.293125565
550	0.292466017
551	0.291617436
552	0.290813328
553	0.289953491
554	0.289112536
555	0.288209043
556	0.287276316
557	0.286423565
558	0.285464884
559	0.284554371
560	0.283622827
561	0.282708231
562	0.281836854
563	0.280890201
564	0.279942731
565	0.278980801
566	0.278048048
567	0.277038655
568	0.275513597
569	0.273466368
570	0.272839846
571	0.273009948
572	0.271542845
573	0.270767041
574	0.269962876
575	0.269166273
576	0.268580411
577	0.267844822
578	0.267156149
579	0.266508122
580	0.265783712
581	0.265063607
582	0.264248906
583	0.26341931
584	0.262586902
585	0.261717107
586	0.260695687
587	0.259136418
588	0.255870689
589	0.250201585
590	0.249203663
591	0.251126422
592	0.248934084
593	0.250955698
594	0.249376572
595	0.246657334
596	0.249778733
597	0.24886637
598	0.249366354
599	0.249446984
600	0.249635925
601	0.249740173
602	0.249333343
603	0.248987581
604	0.248376004
605	0.24772011
606	0.247070239
607	0.24641876
608	0.245767259
609	0.245129972
610	0.244518358
611	0.243799773
612	0.243146251
613	0.242474892
614	0.241855149
615	0.241206982
616	0.240610075
617	0.239917431
618	0.239282166
619	0.238721137
620	0.23809315
621	0.237448086
622	0.236861683
623	0.236351563
624	0.235747014
625	0.235053815
626	0.234278809
627	0.233118864
628	0.229079318
629	0.230297521
630	0.229859023
631	0.230544055
632	0.229799993
633	0.229957736
634	0.22962493
635	0.22893256
636	0.228543022
637	0.227977332
638	0.227517729
639	0.226989031
640	0.226460061
641	0.225790057
642	0.225393278
643	0.224698477
644	0.223997337
645	0.223032382
646	0.22105052
647	0.218150938
648	0.215743658
649	0.216682
650	0.218449722
651	0.218177598
652	0.214385625
653	0.217603146
654	0.216973742
655	0.21521065
656	0.215065608
657	0.215231358
658	0.215265464
659	0.215404742
660	0.215253834
661	0.215234158
662	0.21502422
663	0.214495707
664	0.21402966
665	0.21359292
666	0.213123256
667	0.212701386
668	0.212310023
669	0.211767255
670	0.211386392
671	0.210882776
672	0.210474682
673	0.210019258
674	0.209580501
675	0.209132681
676	0.2086999
677	0.208292252
678	0.207876306
679	0.207472773
680	0.206990033
681	0.206589505
682	0.2060935
683	0.205724301
684	0.205333704
685	0.204961342
686	0.204017034
687	0.185195782
688	0.187428973
689	0.192201799
690	0.192644908
691	0.194248733
692	0.195362761
693	0.192669422
694	0.190182816
695	0.192408228
696	0.194637194
697	0.199041382
698	0.198513375
699	0.193660055
700	0.194287632
701	0.193406568
702	0.193271778
703	0.194391233
704	0.196491637
705	0.196035707
706	0.195561281
707	0.196676412
708	0.196884475
709	0.197884168
710	0.19748074
711	0.197857645
712	0.198420665
713	0.197698098
714	0.197607148
715	0.195772715
716	0.193488637
717	0.178201801
718	0.172590134
719	0.173964187
720	0.171770629
721	0.183036046
722	0.190141547
723	0.18737483
724	0.179526429
725	0.179000728
726	0.177440003
727	0.181747656
728	0.178080671
729	0.180645254
730	0.178992378
731	0.180088206
732	0.185027255
733	0.191941281
734	0.194453265
735	0.193268191
736	0.192696396
737	0.19282652
738	0.196499443
739	0.196980545
740	0.197994647
741	0.199673853
742	0.200400459
743	0.201025884
744	0.201662319
745	0.201902372
746	0.201793174
747	0.201729468
748	0.201601364
749	0.201436621
750	0.201170932
751	0.200809391
752	0.200484316
753	0.200150343
754	0.199693269
755	0.199332872
756	0.199028414
757	0.198704859
758	0.198336307
759	0.195005805
760	0.154793623
761	0.132252544
762	0.175872395
763	0.166783842
764	0.167683083
765	0.174488563
766	0.176284123
767	0.182263544
768	0.184848187
769	0.188095299
770	0.190772255
771	0.19267114
772	0.192822777
773	0.192655304
774	0.192422904
775	0.192155986
776	0.191823805
777	0.191493112
778	0.191143429
779	0.190802451
780	0.190391734
781	0.190071703
782	0.189689016
783	0.189315174
784	0.188955822
785	0.188100049
786	0.187275844
787	0.184545347
788	0.183002128
789	0.18021151
790	0.178557286
791	0.179815842
792	0.179957713
793	0.180234424
794	0.183659038
795	0.18203014
796	0.176251755
797	0.176557023
798	0.179784339
799	0.179211828
800	0.177440771
801	0.175777989
802	0.17588368
803	0.174252274
804	0.174889876
805	0.176410961
806	0.177599891
807	0.17711494
808	0.176542117
809	0.174628378
810	0.172336424
811	0.169354383
812	0.166020078
813	0.162305843
814	0.153786229
815	0.148913713
816	0.151669961
817	0.153393761
818	0.15189397
819	0.156245878
820	0.156964266
821	0.164859584
822	0.160843583
823	0.141847377
824	0.153858927
825	0.164645203
826	0.158532307
827	0.162403071
828	0.152424368
829	0.157116953
830	0.159128429
831	0.157795728
832	0.154482086
833	0.15799115
834	0.157724829
835	0.162860561
836	0.159073274
837	0.162069389
838	0.161894898
839	0.163789585
840	0.164402246
841	0.163100203
842	0.164503519
843	0.165671508
844	0.164405234
845	0.16553488
846	0.165566486
847	0.165824182
848	0.164903767
849	0.164302183
850	0.164158276
851	0.163371758
852	0.162927221
853	0.163592198
854	0.162842976
855	0.162951131
856	0.162781821
857	0.162732444
858	0.162465285
859	0.162362573
860	0.162298469
861	0.161936808
862	0.161668422
863	0.16133146
864	0.161117605
865	0.160884548
866	0.160579231
867	0.160261612
868	0.159920974
869	0.159713883
870	0.159432407
871	0.159083903
872	0.158798936
873	0.158558754
874	0.158275081
875	0.157975728
876	0.157589634
877	0.157429953
878	0.156937348
879	0.156556104
880	0.156278839
881	0.155722326
882	0.155083551
883	0.155090274
884	0.154771582
885	0.154588672
886	0.152601581
887	0.15332822
888	0.15228505
889	0.153259469
890	0.151704922
891	0.15159269
892	0.149479802
893	0.14429894
894	0.142469414
895	0.132245374
896	0.129376687
897	0.125386037
898	0.129790716
899	0.124166654
900	0.13290149
901	0.121102326
902	0.12845771
903	0.129135
904	0.136743701
905	0.135243173
906	0.134748238
907	0.125129589
908	0.127165619
909	0.122717385
910	0.119486689
911	0.124385919
912	0.126203874
913	0.118890399
914	0.117132488
915	0.118746292
916	0.118140954
917	0.12243088
918	0.116329248
919	0.124607786
920	0.130249245
921	0.127514374
922	0.125984495
923	0.128270416
924	0.118919945
925	0.120617849
926	0.121816349
927	0.123045422
928	0.107465578
929	0.096580699
930	0.093142084
931	0.092482376
932	0.084657339
933	0.083822325
934	0.070534974
935	0.09165081
936	0.085094491
937	0.078169786
938	0.08190235
939	0.099985603
940	0.096399488
941	0.086124529
942	0.095144093
943	0.096340007
944	0.099802901
945	0.09308355
946	0.090435883
947	0.088098651
948	0.09181167
949	0.094500524
950	0.089817744
951	0.09477495
952	0.084712892
953	0.082691698
954	0.091490098
955	0.087911537
956	0.09479969
957	0.095066264
958	0.101420255
959	0.089892945
960	0.090203893
961	0.097333669
962	0.097490711
963	0.100276088
964	0.10408428
965	0.096148759
966	0.09456844
967	0.102291549
968	0.119182563
969	0.114284165
970	0.114510896
971	0.119201558
972	0.117542437
973	0.110036499
974	0.107423494
975	0.110019527
976	0.104138078
977	0.113784777
978	0.111100703
979	0.109869096
980	0.110635857
981	0.117427384
982	0.115073308
983	0.11497933
984	0.120428075
985	0.115139128
986	0.12400314
987	0.122650682
988	0.123291789
989	0.125749639
990	0.122993424
991	0.125405337
992	0.125813838
993	0.124353553
994	0.126447818
995	0.126752993
996	0.126341054
997	0.126363258
998	0.126113494
999	0.125731513
1000	0.125353984
1001	0.125353984
1002	0.125353984
1003	0.125353984
1004	0.125353984
1005	0.125353984
1006	0.125353984
1007	0.125353984
1008	0.125353984
1009	0.125353984
1010	0.125353984
1011	0.125353984
1012	0.125353984
1013	0.125353984
1014	0.125353984
1015	0.125353984
1016	0.125353984
1017	0.125353984
1018	0.125353984
1019	0.125353984
1020	0.125353984
1021	0.125353984
1022	0.125353984
1023	0.125353984
1024	0.125353984
1025	0.125353984
1026	0.125353984
1027	0.125353984
1028	0.125353984
1029	0.125353984
1030	0.125353984
1031	0.125353984
1032	0.125353984
1033	0.125353984
1034	0.125353984
1035	0.125353984
1036	0.125353984
1037	0.125353984
1038	0.125353984
1039	0.125353984
1040	0.125353984
1041	0.125353984
1042	0.125353984
1043	0.125353984
1044	0.125353984
1045	0.125353984
1046	0.125353984
1047	0.125353984
1048	0.125353984
1049	0.125353984
1050	0.125353984
1051	0.125353984
1052	0.125353984
1053	0.125353984
1054	0.125353984
1055	0.125353984
1056	0.125353984
1057	0.125353984
1058	0.125353984
1059	0.125353984
1060	0.125353984
1061	0.125353984
1062	0.125353984
1063	0.125353984
1064	0.125353984
1065	0.125353984
1066	0.125353984
1067	0.125353984
1068	0.125353984
1069	0.125353984
1070	0.125353984
1071	0.125353984
1072	0.125353984
1073	0.125353984
1074	0.125353984
1075	0.125353984
1076	0.125353984
1077	0.125353984
1078	0.125353984
1079	0.125353984
1080	0.125353984
1081	0.125353984
1082	0.125353984
1083	0.125353984
1084	0.125353984
1085	0.125353984
1086	0.125353984
1087	0.125353984
1088	0.125353984
1089	0.125353984
1090	0.125353984
1091	0.125353984
1092	0.125353984
1093	0.125353984
1094	0.125353984
1095	0.125353984
1096	0.125353984
1097	0.125353984
1098	0.125353984
1099	0.125353984
1100	0.125353984
1101	0.125353984
1102	0.125353984
1103	0.125353984
1104	0.125353984
1105	0.125353984
1106	0.125353984
1107	0.125353984
1108	0.125353984
1109	0.125353984
1110	0.125353984
1111	0.125353984
1112	0.125353984
1113	0.125353984
1114	0.125353984
1115	0.125353984
1116	0.125353984
1117	0.125353984
1118	0.125353984
1119	0.125353984
1120	0.125353984
1121	0.125353984
1122	0.125353984
1123	0.125353984
1124	0.125353984
1125	0.125353984
1126	0.125353984
1127	0.125353984
1128	0.125353984
1129	0.125353984
1130	0.125353984
1131	0.125353984
1132	0.125353984
1133	0.125353984
1134	0.125353984
1135	0.125353984
1136	0.125353984
1137	0.125353984
1138	0.125353984
1139	0.125353984
1140	0.125353984
1141	0.125353984
1142	0.125353984
1143	0.125353984
1144	0.125353984
1145	0.125353984
1146	0.125353984
1147	0.125353984
1148	0.125353984
1149	0.125353984
1150	0.125353984
1151	0.125353984
1152	0.125353984
1153	0.125353984
1154	0.125353984
1155	0.125353984
1156	0.125353984
1157	0.125353984
1158	0.125353984
1159	0.125353984
1160	0.125353984
1161	0.125353984
1162	0.125353984
1163	0.125353984
1164	0.125353984
1165	0.125353984
1166	0.125353984
1167	0.125353984
1168	0.125353984
1169	0.125353984
1170	0.125353984
1171	0.125353984
1172	0.125353984
1173	0.125353984
1174	0.125353984
1175	0.125353984
1176	0.125353984
1177	0.125353984
1178	0.125353984
1179	0.125353984
1180	0.125353984
1181	0.125353984
1182	0.125353984
1183	0.125353984
1184	0.125353984
1185	0.125353984
1186	0.125353984
1187	0.125353984
1188	0.125353984
1189	0.125353984
1190	0.125353984
1191	0.125353984
1192	0.125353984
1193	0.125353984
1194	0.125353984
1195	0.125353984
1196	0.125353984
1197	0.125353984
1198	0.125353984
1199	0.125353984
1200	0.125353984
1201	0.125353984
1202	0.125353984
1203	0.125353984
1204	0.125353984
1205	0.125353984
1206	0.125353984
1207	0.125353984
1208	0.125353984
1209	0.125353984
1210	0.125353984
1211	0.125353984
1212	0.125353984
1213	0.125353984
1214	0.125353984
1215	0.125353984
1216	0.125353984
1217	0.125353984
1218	0.125353984
1219	0.125353984
1220	0.125353984
1221	0.125353984
1222	0.125353984
1223	0.125353984
1224	0.125353984
1225	0.125353984
1226	0.125353984
1227	0.125353984
1228	0.125353984
1229	0.125353984
1230	0.125353984
1231	0.125353984
1232	0.125353984
1233	0.125353984
1234	0.125353984
1235	0.125353984
1236	0.125353984
1237	0.125353984
1238	0.125353984
1239	0.125353984
1240	0.125353984
1241	0.125353984
1242	0.125353984
1243	0.125353984
1244	0.125353984
1245	0.125353984
1246	0.125353984
1247	0.125353984
1248	0.125353984
1249	0.125353984
1250	0.125353984
1251	0.125353984
1252	0.125353984
1253	0.125353984
1254	0.125353984
1255	0.125353984
1256	0.125353984
1257	0.125353984
1258	0.125353984
1259	0.125353984
1260	0.125353984
1261	0.125353984
1262	0.125353984
1263	0.125353984
1264	0.125353984
1265	0.125353984
1266	0.125353984
1267	0.125353984
1268	0.125353984
1269	0.125353984
1270	0.125353984
1271	0.125353984
1272	0.125353984
1273	0.125353984
1274	0.125353984
1275	0.125353984
1276	0.125353984
1277	0.125353984
1278	0.125353984
1279	0.125353984
1280	0.125353984
1281	0.125353984
1282	0.125353984
1283	0.125353984
1284	0.125353984
1285	0.125353984
1286	0.125353984
1287	0.125353984
1288	0.125353984
1289	0.125353984
1290	0.125353984
1291	0.125353984
1292	0.125353984
1293	0.125353984
1294	0.125353984
1295	0.125353984
1296	0.125353984
1297	0.125353984
1298	0.125353984
1299	0.125353984
1300	0.125353984
1301	0.125353984
1302	0.125353984
1303	0.125353984
1304	0.125353984
1305	0.125353984
1306	0.125353984
1307	0.125353984
1308	0.125353984
1309	0.125353984
1310	0.125353984
1311	0.125353984
1312	0.125353984
1313	0.125353984
1314	0.125353984
1315	0.125353984
1316	0.125353984
1317	0.125353984
1318	0.125353984
1319	0.125353984
1320	0.125353984
1321	0.125353984
1322	0.125353984
1323	0.125353984
1324	0.125353984
1325	0.125353984
1326	0.125353984
1327	0.125353984
1328	0.125353984
1329	0.125353984
1330	0.125353984
1331	0.125353984
1332	0.125353984
1333	0.125353984
1334	0.125353984
1335	0.125353984
1336	0.125353984
1337	0.125353984
1338	0.125353984
1339	0.125353984
1340	0.125353984
1341	0.125353984
1342	0.125353984
1343	0.125353984
1344	0.125353984
1345	0.125353984
1346	0.125353984
1347	0.125353984
1348	0.125353984
1349	0.125353984
1350	0.125353984
1351	0.125353984
1352	0.125353984
1353	0.125353984
1354	0.125353984
1355	0.125353984
1356	0.125353984
1357	0.125353984
1358	0.125353984
1359	0.125353984
1360	0.125353984
1361	0.125353984
1362	0.125353984
1363	0.125353984
1364	0.125353984
1365	0.125353984
1366	0.125353984
1367	0.125353984
1368	0.125353984
1369	0.125353984
1370	0.125353984
1371	0.125353984
1372	0.125353984
1373	0.125353984
1374	0.125353984
1375	0.125353984
1376	0.125353984
1377	0.125353984
1378	0.125353984
1379	0.125353984
1380	0.125353984
1381	0.125353984
1382	0.125353984
1383	0.125353984
1384	0.125353984
1385	0.125353984
1386	0.125353984
1387	0.125353984
1388	0.125353984
1389	0.125353984
1390	0.125353984
1391	0.125353984
1392	0.125353984
1393	0.125353984
1394	0.125353984
1395	0.125353984
1396	0.125353984
1397	0.125353984
1398	0.125353984
1399	0.125353984
1400	0.125353984
1401	0.125353984
1402	0.125353984
1403	0.125353984
1404	0.125353984
1405	0.125353984
1406	0.125353984
1407	0.125353984
1408	0.125353984
1409	0.125353984
1410	0.125353984
1411	0.125353984
1412	0.125353984
1413	0.125353984
1414	0.125353984
1415	0.125353984
1416	0.125353984
1417	0.125353984
1418	0.125353984
1419	0.125353984
1420	0.125353984
1421	0.125353984
1422	0.125353984
1423	0.125353984
1424	0.125353984
1425	0.125353984
1426	0.125353984
1427	0.125353984
1428	0.125353984
1429	0.125353984
1430	0.125353984
1431	0.125353984
1432	0.125353984
1433	0.125353984
1434	0.125353984
1435	0.125353984
1436	0.125353984
1437	0.125353984
1438	0.125353984
1439	0.125353984
1440	0.125353984
1441	0.125353984
1442	0.125353984
1443	0.125353984
1444	0.125353984
1445	0.125353984
1446	0.125353984
1447	0.125353984
1448	0.125353984
1449	0.125353984
1450	0.125353984
1451	0.125353984
1452	0.125353984
1453	0.125353984
1454	0.125353984
1455	0.125353984
1456	0.125353984
1457	0.125353984
1458	0.125353984
1459	0.125353984
1460	0.125353984
1461	0.125353984
1462	0.125353984
1463	0.125353984
1464	0.125353984
1465	0.125353984
1466	0.125353984
1467	0.125353984
1468	0.125353984
1469	0.125353984
1470	0.125353984
1471	0.125353984
1472	0.125353984
1473	0.125353984
1474	0.125353984
1475	0.125353984
1476	0.125353984
1477	0.125353984
1478	0.125353984
1479	0.125353984
1480	0.125353984
1481	0.125353984
1482	0.125353984
1483	0.125353984
1484	0.125353984
1485	0.125353984
1486	0.125353984
1487	0.125353984
1488	0.125353984
1489	0.125353984
1490	0.125353984
1491	0.125353984
1492	0.125353984
1493	0.125353984
1494	0.125353984
1495	0.125353984
1496	0.125353984
1497	0.125353984
1498	0.125353984
1499	0.125353984
1500	0.125353984
1501	0.125353984
1502	0.125353984
1503	0.125353984
1504	0.125353984
1505	0.125353984
1506	0.125353984
1507	0.125353984
1508	0.125353984
1509	0.125353984
1510	0.125353984
1511	0.125353984
1512	0.125353984
1513	0.125353984
1514	0.125353984
1515	0.125353984
1516	0.125353984
1517	0.125353984
1518	0.125353984
1519	0.125353984
1520	0.125353984
1521	0.125353984
1522	0.125353984
1523	0.125353984
1524	0.125353984
1525	0.125353984
1526	0.125353984
1527	0.125353984
1528	0.125353984
1529	0.125353984
1530	0.125353984
1531	0.125353984
1532	0.125353984
1533	0.125353984
1534	0.125353984
1535	0.125353984
1536	0.125353984
1537	0.125353984
1538	0.125353984
1539	0.125353984
1540	0.125353984
1541	0.125353984
1542	0.125353984
1543	0.125353984
1544	0.125353984
1545	0.125353984
1546	0.125353984
1547	0.125353984
1548	0.125353984
1549	0.125353984
1550	0.125353984
1551	0.125353984
1552	0.125353984
1553	0.125353984
1554	0.125353984
1555	0.125353984
1556	0.125353984
1557	0.125353984
1558	0.125353984
1559	0.125353984
1560	0.125353984
1561	0.125353984
1562	0.125353984
1563	0.125353984
1564	0.125353984
1565	0.125353984
1566	0.125353984
1567	0.125353984
1568	0.125353984
1569	0.125353984
1570	0.125353984
1571	0.125353984
1572	0.125353984
1573	0.125353984
1574	0.125353984
1575	0.125353984
1576	0.125353984
1577	0.125353984
1578	0.125353984
1579	0.125353984
1580	0.125353984
1581	0.125353984
1582	0.125353984
1583	0.125353984
1584	0.125353984
1585	0.125353984
1586	0.125353984
1587	0.125353984
1588	0.125353984
1589	0.125353984
1590	0.125353984
1591	0.125353984
1592	0.125353984
1593	0.125353984
1594	0.125353984
1595	0.125353984
1596	0.125353984
1597	0.125353984
1598	0.125353984
1599	0.125353984
1600	0.125353984
1601	0.125353984
1602	0.125353984
1603	0.125353984
1604	0.125353984
1605	0.125353984
1606	0.125353984
1607	0.125353984
1608	0.125353984
1609	0.125353984
1610	0.125353984
1611	0.125353984
1612	0.125353984
1613	0.125353984
1614	0.125353984
1615	0.125353984
1616	0.125353984
1617	0.125353984
1618	0.125353984
1619	0.125353984
1620	0.125353984
1621	0.125353984
1622	0.125353984
1623	0.125353984
1624	0.125353984
1625	0.125353984
1626	0.125353984
1627	0.125353984
1628	0.125353984
1629	0.125353984
1630	0.125353984
1631	0.125353984
1632	0.125353984
1633	0.125353984
1634	0.125353984
1635	0.125353984
1636	0.125353984
1637	0.125353984
1638	0.125353984
1639	0.125353984
1640	0.125353984
1641	0.125353984
1642	0.125353984
1643	0.125353984
1644	0.125353984
1645	0.125353984
1646	0.125353984
1647	0.125353984
1648	0.125353984
1649	0.125353984
1650	0.125353984
1651	0.125353984
1652	0.125353984
1653	0.125353984
1654	0.125353984
1655	0.125353984
1656	0.125353984
1657	0.125353984
1658	0.125353984
1659	0.125353984
1660	0.125353984
1661	0.125353984
1662	0.125353984
1663	0.125353984
1664	0.125353984
1665	0.125353984
1666	0.125353984
1667	0.125353984
1668	0.125353984
1669	0.125353984
1670	0.125353984
1671	0.125353984
1672	0.125353984
1673	0.125353984
1674	0.125353984
1675	0.125353984
1676	0.125353984
1677	0.125353984
1678	0.125353984
1679	0.125353984
1680	0.125353984
1681	0.125353984
1682	0.125353984
1683	0.125353984
1684	0.125353984
1685	0.125353984
1686	0.125353984
1687	0.125353984
1688	0.125353984
1689	0.125353984
1690	0.125353984
1691	0.125353984
1692	0.125353984
1693	0.125353984
1694	0.125353984
1695	0.125353984
1696	0.125353984
1697	0.125353984
1698	0.125353984
1699	0.125353984
1700	0.125353984
1701	0.125353984
1702	0.125353984
1703	0.125353984
1704	0.125353984
1705	0.125353984
1706	0.125353984
1707	0.125353984
1708	0.125353984
1709	0.125353984
1710	0.125353984
1711	0.125353984
1712	0.125353984
1713	0.125353984
1714	0.125353984
1715	0.125353984
1716	0.125353984
1717	0.125353984
1718	0.125353984
1719	0.125353984
1720	0.125353984
1721	0.125353984
1722	0.125353984
1723	0.125353984
1724	0.125353984
1725	0.125353984
1726	0.125353984
1727	0.125353984
1728	0.125353984
1729	0.125353984
1730	0.125353984
1731	0.125353984
1732	0.125353984
1733	0.125353984
1734	0.125353984
1735	0.125353984
1736	0.125353984
1737	0.125353984
1738	0.125353984
1739	0.125353984
1740	0.125353984
1741	0.125353984
1742	0.125353984
1743	0.125353984
1744	0.125353984
1745	0.125353984
1746	0.125353984
1747	0.125353984
1748	0.125353984
1749	0.125353984
1750	0.125353984
1751	0.125353984
1752	0.125353984
1753	0.125353984
1754	0.125353984
1755	0.125353984
1756	0.125353984
1757	0.125353984
1758	0.125353984
1759	0.125353984
1760	0.125353984
1761	0.125353984
1762	0.125353984
1763	0.125353984
1764	0.125353984
1765	0.125353984
1766	0.125353984
1767	0.125353984
1768	0.125353984
1769	0.125353984
1770	0.125353984
1771	0.125353984
1772	0.125353984
1773	0.125353984
1774	0.125353984
1775	0.125353984
1776	0.125353984
1777	0.125353984
1778	0.125353984
1779	0.125353984
1780	0.125353984
1781	0.125353984
1782	0.125353984
1783	0.125353984
1784	0.125353984
1785	0.125353984
1786	0.125353984
1787	0.125353984
1788	0.125353984
1789	0.125353984
1790	0.125353984
1791	0.125353984
1792	0.125353984
1793	0.125353984
1794	0.125353984
1795	0.125353984
1796	0.125353984
1797	0.125353984
1798	0.125353984
1799	0.125353984
1800	0.125353984
1801	0.125353984
1802	0.125353984
1803	0.125353984
1804	0.125353984
1805	0.125353984
1806	0.125353984
1807	0.125353984
1808	0.125353984
1809	0.125353984
1810	0.125353984
1811	0.125353984
1812	0.125353984
1813	0.125353984
1814	0.125353984
1815	0.125353984
1816	0.125353984
1817	0.125353984
1818	0.125353984
1819	0.125353984
1820	0.125353984
1821	0.125353984
1822	0.125353984
1823	0.125353984
1824	0.125353984
1825	0.125353984
1826	0.125353984
1827	0.125353984
1828	0.125353984
1829	0.125353984
1830	0.125353984
1831	0.125353984
1832	0.125353984
1833	0.125353984
1834	0.125353984
1835	0.125353984
1836	0.125353984
1837	0.125353984
1838	0.125353984
1839	0.125353984
1840	0.125353984
1841	0.125353984
1842	0.125353984
1843	0.125353984
1844	0.125353984
1845	0.125353984
1846	0.125353984
1847	0.125353984
1848	0.125353984
1849	0.125353984
1850	0.125353984
1851	0.125353984
1852	0.125353984
1853	0.125353984
1854	0.125353984
1855	0.125353984
1856	0.125353984
1857	0.125353984
1858	0.125353984
1859	0.125353984
1860	0.125353984
1861	0.125353984
1862	0.125353984
1863	0.125353984
1864	0.125353984
1865	0.125353984
1866	0.125353984
1867	0.125353984
1868	0.125353984
1869	0.125353984
1870	0.125353984
1871	0.125353984
1872	0.125353984
1873	0.125353984
1874	0.125353984
1875	0.125353984
1876	0.125353984
1877	0.125353984
1878	0.125353984
1879	0.125353984
1880	0.125353984
1881	0.125353984
1882	0.125353984
1883	0.125353984
1884	0.125353984
1885	0.125353984
1886	0.125353984
1887	0.125353984
1888	0.125353984
1889	0.125353984
1890	0.125353984
1891	0.125353984
1892	0.125353984
1893	0.125353984
1894	0.125353984
1895	0.125353984
1896	0.125353984
1897	0.125353984
1898	0.125353984
1899	0.125353984
1900	0.125353984
1901	0.125353984
1902	0.125353984
1903	0.125353984
1904	0.125353984
1905	0.125353984
1906	0.125353984
1907	0.125353984
1908	0.125353984
1909	0.125353984
1910	0.125353984
1911	0.125353984
1912	0.125353984
1913	0.125353984
1914	0.125353984
1915	0.125353984
1916	0.125353984
1917	0.125353984
1918	0.125353984
1919	0.125353984
1920	0.125353984
1921	0.125353984
1922	0.125353984
1923	0.125353984
1924	0.125353984
1925	0.125353984
1926	0.125353984
1927	0.125353984
1928	0.125353984
1929	0.125353984
1930	0.125353984
1931	0.125353984
1932	0.125353984
1933	0.125353984
1934	0.125353984
1935	0.125353984
1936	0.125353984
1937	0.125353984
1938	0.125353984
1939	0.125353984
1940	0.125353984
1941	0.125353984
1942	0.125353984
1943	0.125353984
1944	0.125353984
1945	0.125353984
1946	0.125353984
1947	0.125353984
1948	0.125353984
1949	0.125353984
1950	0.125353984
1951	0.125353984
1952	0.125353984
1953	0.125353984
1954	0.125353984
1955	0.125353984
1956	0.125353984
1957	0.125353984
1958	0.125353984
1959	0.125353984
1960	0.125353984
1961	0.125353984
1962	0.125353984
1963	0.125353984
1964	0.125353984
1965	0.125353984
1966	0.125353984
1967	0.125353984
1968	0.125353984
1969	0.125353984
1970	0.125353984
1971	0.125353984
1972	0.125353984
1973	0.125353984
1974	0.125353984
1975	0.125353984
1976	0.125353984
1977	0.125353984
1978	0.125353984
1979	0.125353984
1980	0.125353984
1981	0.125353984
1982	0.125353984
1983	0.125353984
1984	0.125353984
1985	0.125353984
1986	0.125353984
1987	0.125353984
1988	0.125353984
1989	0.125353984
1990	0.125353984
1991	0.125353984
1992	0.125353984
1993	0.125353984
1994	0.125353984
1995	0.125353984
1996	0.125353984
1997	0.125353984
1998	0.125353984
1999	0.125353984
2000	0.125353984
2001	0.125353984
2002	0.125353984
2003	0.125353984
2004	0.125353984
2005	0.125353984
2006	0.125353984
2007	0.125353984
2008	0.125353984
2009	0.125353984
2010	0.125353984
2011	0.125353984
2012	0.125353984
2013	0.125353984
2014	0.125353984
2015	0.125353984
2016	0.125353984
2017	0.125353984
2018	0.125353984
2019	0.125353984
2020	0.125353984
2021	0.125353984
2022	0.125353984
2023	0.125353984
2024	0.125353984
2025	0.125353984
2026	0.125353984
2027	0.125353984
2028	0.125353984
2029	0.125353984
2030	0.125353984
2031	0.125353984
2032	0.125353984
2033	0.125353984
2034	0.125353984
2035	0.125353984
2036	0.125353984
2037	0.125353984
2038	0.125353984
2039	0.125353984
2040	0.125353984
2041	0.125353984
2042	0.125353984
2043	0.125353984
2044	0.125353984
2045	0.125353984
2046	0.125353984
2047	0.125353984
2048	0.125353984
2049	0.125353984
2050	0.125353984
2051	0.125353984
2052	0.125353984
2053	0.125353984
2054	0.125353984
2055	0.125353984
2056	0.125353984
2057	0.125353984
2058	0.125353984
2059	0.125353984
2060	0.125353984
2061	0.125353984
2062	0.125353984
2063	0.125353984
2064	0.125353984
2065	0.125353984
2066	0.125353984
2067	0.125353984
2068	0.125353984
2069	0.125353984
2070	0.125353984
2071	0.125353984
2072	0.125353984
2073	0.125353984
2074	0.125353984
2075	0.125353984
2076	0.125353984
2077	0.125353984
2078	0.125353984
2079	0.125353984
2080	0.125353984
2081	0.125353984
2082	0.125353984
2083	0.125353984
2084	0.125353984
2085	0.125353984
2086	0.125353984
2087	0.125353984
2088	0.125353984
2089	0.125353984
2090	0.125353984
2091	0.125353984
2092	0.125353984
2093	0.125353984
2094	0.125353984
2095	0.125353984
2096	0.125353984
2097	0.125353984
2098	0.125353984
2099	0.125353984
2100	0.125353984
2101	0.125353984
2102	0.125353984
2103	0.125353984
2104	0.125353984
2105	0.125353984
2106	0.125353984
2107	0.125353984
2108	0.125353984
2109	0.125353984
2110	0.125353984
2111	0.125353984
2112	0.125353984
2113	0.125353984
2114	0.125353984
2115	0.125353984
2116	0.125353984
2117	0.125353984
2118	0.125353984
2119	0.125353984
2120	0.125353984
2121	0.125353984
2122	0.125353984
2123	0.125353984
2124	0.125353984
2125	0.125353984
2126	0.125353984
2127	0.125353984
2128	0.125353984
2129	0.125353984
2130	0.125353984
2131	0.125353984
2132	0.125353984
2133	0.125353984
2134	0.125353984
2135	0.125353984
2136	0.125353984
2137	0.125353984
2138	0.125353984
2139	0.125353984
2140	0.125353984
2141	0.125353984
2142	0.125353984
2143	0.125353984
2144	0.125353984
2145	0.125353984
2146	0.125353984
2147	0.125353984
2148	0.125353984
2149	0.125353984
2150	0.125353984
2151	0.125353984
2152	0.125353984
2153	0.125353984
2154	0.125353984
2155	0.125353984
2156	0.125353984
2157	0.125353984
2158	0.125353984
2159	0.125353984
2160	0.125353984
2161	0.125353984
2162	0.125353984
2163	0.125353984
2164	0.125353984
2165	0.125353984
2166	0.125353984
2167	0.125353984
2168	0.125353984
2169	0.125353984
2170	0.125353984
2171	0.125353984
2172	0.125353984
2173	0.125353984
2174	0.125353984
2175	0.125353984
2176	0.125353984
2177	0.125353984
2178	0.125353984
2179	0.125353984
2180	0.125353984
2181	0.125353984
2182	0.125353984
2183	0.125353984
2184	0.125353984
2185	0.125353984
2186	0.125353984
2187	0.125353984
2188	0.125353984
2189	0.125353984
2190	0.125353984
2191	0.125353984
2192	0.125353984
2193	0.125353984
2194	0.125353984
2195	0.125353984
2196	0.125353984
2197	0.125353984
2198	0.125353984
2199	0.125353984
2200	0.125353984
2201	0.125353984
2202	0.125353984
2203	0.125353984
2204	0.125353984
2205	0.125353984
2206	0.125353984
2207	0.125353984
2208	0.125353984
2209	0.125353984
2210	0.125353984
2211	0.125353984
2212	0.125353984
2213	0.125353984
2214	0.125353984
2215	0.125353984
2216	0.125353984
2217	0.125353984
2218	0.125353984
2219	0.125353984
2220	0.125353984
2221	0.125353984
2222	0.125353984
2223	0.125353984
2224	0.125353984
2225	0.125353984
2226	0.125353984
2227	0.125353984
2228	0.125353984
2229	0.125353984
2230	0.125353984
2231	0.125353984
2232	0.125353984
2233	0.125353984
2234	0.125353984
2235	0.125353984
2236	0.125353984
2237	0.125353984
2238	0.125353984
2239	0.125353984
2240	0.125353984
2241	0.125353984
2242	0.125353984
2243	0.125353984
2244	0.125353984
2245	0.125353984
2246	0.125353984
2247	0.125353984
2248	0.125353984
2249	0.125353984
2250	0.125353984
2251	0.125353984
2252	0.125353984
2253	0.125353984
2254	0.125353984
2255	0.125353984
2256	0.125353984
2257	0.125353984
2258	0.125353984
2259	0.125353984
2260	0.125353984
2261	0.125353984
2262	0.125353984
2263	0.125353984
2264	0.125353984
2265	0.125353984
2266	0.125353984
2267	0.125353984
2268	0.125353984
2269	0.125353984
2270	0.125353984
2271	0.125353984
2272	0.125353984
2273	0.125353984
2274	0.125353984
2275	0.125353984
2276	0.125353984
2277	0.125353984
2278	0.125353984
2279	0.125353984
2280	0.125353984
2281	0.125353984
2282	0.125353984
2283	0.125353984
2284	0.125353984
2285	0.125353984
2286	0.125353984
2287	0.125353984
2288	0.125353984
2289	0.125353984
2290	0.125353984
2291	0.125353984
2292	0.125353984
2293	0.125353984
2294	0.125353984
2295	0.125353984
2296	0.125353984
2297	0.125353984
2298	0.125353984
2299	0.125353984
2300	0.125353984
2301	0.125353984
2302	0.125353984
2303	0.125353984
2304	0.125353984
2305	0.125353984
2306	0.125353984
2307	0.125353984
2308	0.125353984
2309	0.125353984
2310	0.125353984
2311	0.125353984
2312	0.125353984
2313	0.125353984
2314	0.125353984
2315	0.125353984
2316	0.125353984
2317	0.125353984
2318	0.125353984
2319	0.125353984
2320	0.125353984
2321	0.125353984
2322	0.125353984
2323	0.125353984
2324	0.125353984
2325	0.125353984
2326	0.125353984
2327	0.125353984
2328	0.125353984
2329	0.125353984
2330	0.125353984
2331	0.125353984
2332	0.125353984
2333	0.125353984
2334	0.125353984
2335	0.125353984
2336	0.125353984
2337	0.125353984
2338	0.125353984
2339	0.125353984
2340	0.125353984
2341	0.125353984
2342	0.125353984
2343	0.125353984
2344	0.125353984
2345	0.125353984
2346	0.125353984
2347	0.125353984
2348	0.125353984
2349	0.125353984
2350	0.125353984
2351	0.125353984
2352	0.125353984
2353	0.125353984
2354	0.125353984
2355	0.125353984
2356	0.125353984
2357	0.125353984
2358	0.125353984
2359	0.125353984
2360	0.125353984
2361	0.125353984
2362	0.125353984
2363	0.125353984
2364	0.125353984
2365	0.125353984
2366	0.125353984
2367	0.125353984
2368	0.125353984
2369	0.125353984
2370	0.125353984
2371	0.125353984
2372	0.125353984
2373	0.125353984
2374	0.125353984
2375	0.125353984
2376	0.125353984
2377	0.125353984
2378	0.125353984
2379	0.125353984
2380	0.125353984
2381	0.125353984
2382	0.125353984
2383	0.125353984
2384	0.125353984
2385	0.125353984
2386	0.125353984
2387	0.125353984
2388	0.125353984
2389	0.125353984
2390	0.125353984
2391	0.125353984
2392	0.125353984
2393	0.125353984
2394	0.125353984
2395	0.125353984
2396	0.125353984
2397	0.125353984
2398	0.125353984
2399	0.125353984
2400	0.125353984
2401	0.125353984
2402	0.125353984
2403	0.125353984
2404	0.125353984
2405	0.125353984
2406	0.125353984
2407	0.125353984
2408	0.125353984
2409	0.125353984
2410	0.125353984
2411	0.125353984
2412	0.125353984
2413	0.125353984
2414	0.125353984
2415	0.125353984
2416	0.125353984
2417	0.125353984
2418	0.125353984
2419	0.125353984
2420	0.125353984
2421	0.125353984
2422	0.125353984
2423	0.125353984
2424	0.125353984
2425	0.125353984
2426	0.125353984
2427	0.125353984
2428	0.125353984
2429	0.125353984
2430	0.125353984
2431	0.125353984
2432	0.125353984
2433	0.125353984
2434	0.125353984
2435	0.125353984
2436	0.125353984
2437	0.125353984
2438	0.125353984
2439	0.125353984
2440	0.125353984
2441	0.125353984
2442	0.125353984
2443	0.125353984
2444	0.125353984
2445	0.125353984
2446	0.125353984
2447	0.125353984
2448	0.125353984
2449	0.125353984
2450	0.125353984
2451	0.125353984
2452	0.125353984
2453	0.125353984
2454	0.125353984
2455	0.125353984
2456	0.125353984
2457	0.125353984
2458	0.125353984
2459	0.125353984
2460	0.125353984
2461	0.125353984
2462	0.125353984
2463	0.125353984
2464	0.125353984
2465	0.125353984
2466	0.125353984
2467	0.125353984
2468	0.125353984
2469	0.125353984
2470	0.125353984
2471	0.125353984
2472	0.125353984
2473	0.125353984
2474	0.125353984
2475	0.125353984
2476	0.125353984
2477	0.125353984
2478	0.125353984
2479	0.125353984
2480	0.125353984
2481	0.125353984
2482	0.125353984
2483	0.125353984
2484	0.125353984
2485	0.125353984
2486	0.125353984
2487	0.125353984
2488	0.125353984
2489	0.125353984
2490	0.125353984
2491	0.125353984
2492	0.125353984
2493	0.125353984
2494	0.125353984
2495	0.125353984
2496	0.125353984
2497	0.125353984
2498	0.125353984
2499	0.125353984
2500	0.125353984
