     400     0.23770000     0.03208000
     401     0.23729999     0.03195000
     402     0.23690000     0.03181000
     403     0.23649999     0.03168000
     404     0.23600000     0.03154000
     405     0.23559999     0.03141000
     406     0.23520000     0.03125000
     407     0.23480000     0.03108000
     408     0.23440000     0.03092000
     409     0.23400000     0.03076000
     410     0.23360001     0.03059000
     411     0.23320000     0.03044000
     412     0.23280001     0.03028000
     413     0.23240000     0.03012000
     414     0.23199999     0.02996000
     415     0.23160000     0.02980000
     416     0.23119999     0.02969000
     417     0.23080000     0.02957000
     418     0.23040000     0.02946000
     419     0.22990000     0.02934000
     420     0.22950000     0.02923000
     421     0.22900000     0.02911000
     422     0.22840001     0.02900000
     423     0.22780000     0.02888000
     424     0.22720000     0.02877000
     425     0.22669999     0.02865000
     426     0.22630000     0.02854000
     427     0.22589999     0.02842000
     428     0.22540000     0.02831000
     429     0.22499999     0.02819000
     430     0.22460000     0.02808000
     431     0.22430000     0.02793000
     432     0.22400001     0.02779000
     433     0.22370000     0.02764000
     434     0.22340000     0.02750000
     435     0.22310001     0.02735000
     436     0.22280000     0.02720000
     437     0.22239999     0.02705000
     438     0.22210000     0.02690000
     439     0.22180000     0.02675000
     440     0.22149999     0.02660000
     441     0.22149999     0.02646000
     442     0.22149999     0.02632000
     443     0.22149999     0.02618000
     444     0.22149999     0.02604000
     445     0.22139999     0.02590000
     446     0.22149999     0.02578000
     447     0.22149999     0.02566000
     448     0.22160000     0.02553000
     449     0.22170000     0.02541000
     450     0.22170000     0.02529000
     451     0.22180000     0.02523000
     452     0.22190000     0.02518000
     453     0.22190000     0.02513000
     454     0.22200000     0.02508000
     455     0.22210000     0.02502000
     456     0.22220001     0.02502000
     457     0.22239999     0.02502000
     458     0.22250000     0.02502000
     459     0.22270000     0.02501000
     460     0.22280000     0.02501000
     461     0.22300000     0.02501000
     462     0.22310001     0.02501000
     463     0.22330000     0.02500000
     464     0.22340000     0.02500000
     465     0.22360000     0.02500000
     466     0.22380000     0.02500000
     467     0.22400001     0.02499000
     468     0.22409999     0.02499000
     469     0.22430000     0.02499000
     470     0.22450000     0.02499000
     471     0.22470000     0.02498000
     472     0.22490001     0.02498000
     473     0.22510000     0.02498000
     474     0.22530000     0.02498000
     475     0.22560000     0.02497000
     476     0.22579999     0.02483000
     477     0.22600000     0.02468000
     478     0.22620000     0.02453000
     479     0.22640000     0.02438000
     480     0.22660001     0.02423000
     481     0.22690000     0.02423000
     482     0.22710000     0.02423000
     483     0.22730000     0.02423000
     484     0.22759999     0.02422000
     485     0.22780000     0.02422000
     486     0.22800000     0.02422000
     487     0.22830001     0.02422000
     488     0.22849999     0.02421000
     489     0.22870000     0.02421000
     490     0.22890000     0.02421000
     491     0.22930001     0.02450000
     492     0.22970000     0.02479000
     493     0.23019999     0.02508000
     494     0.23060000     0.02537000
     495     0.23100001     0.02566000
     496     0.23140000     0.02565000
     497     0.23190001     0.02565000
     498     0.23240000     0.02565000
     499     0.23289999     0.02565000
     500     0.23330000     0.02564000
     501     0.23400000     0.02564000
     502     0.23459999     0.02564000
     503     0.23530000     0.02564000
     504     0.23590000     0.02563000
     505     0.23660000     0.02563000
     506     0.23710001     0.02570000
     507     0.23760000     0.02577000
     508     0.23810001     0.02584000
     509     0.23870000     0.02591000
     510     0.23920000     0.02598000
     511     0.23960000     0.02598000
     512     0.23999999     0.02598000
     513     0.24050000     0.02598000
     514     0.24089999     0.02597000
     515     0.24130000     0.02597000
     516     0.24180000     0.02597000
     517     0.24220000     0.02597000
     518     0.24270000     0.02596000
     519     0.24310000     0.02596000
     520     0.24360000     0.02596000
     521     0.24410000     0.02596000
     522     0.24460000     0.02595000
     523     0.24519999     0.02595000
     524     0.24570000     0.02595000
     525     0.24620000     0.02595000
     526     0.24670000     0.02594000
     527     0.24720000     0.02594000
     528     0.24770001     0.02594000
     529     0.24820000     0.02594000
     530     0.24869999     0.02593000
     531     0.24920000     0.02593000
     532     0.24969999     0.02593000
     533     0.25020000     0.02593000
     534     0.25070000     0.02592000
     535     0.25119999     0.02592000
     536     0.25170001     0.02614000
     537     0.25220001     0.02635000
     538     0.25270000     0.02657000
     539     0.25319999     0.02679000
     540     0.25369999     0.02700000
     541     0.25420001     0.02700000
     542     0.25459999     0.02700000
     543     0.25510001     0.02700000
     544     0.25560001     0.02699000
     545     0.25610000     0.02699000
     546     0.25659999     0.02735000
     547     0.25709999     0.02772000
     548     0.25760001     0.02808000
     549     0.25819999     0.02844000
     550     0.25870001     0.02880000
     551     0.25920001     0.02880000
     552     0.25979999     0.02880000
     553     0.26030001     0.02879000
     554     0.26089999     0.02879000
     555     0.26140001     0.02879000
     556     0.26199999     0.02879000
     557     0.26260000     0.02878000
     558     0.26310000     0.02878000
     559     0.26370001     0.02878000
     560     0.26420000     0.02878000
     561     0.26470000     0.02877000
     562     0.26510000     0.02877000
     563     0.26550001     0.02877000
     564     0.26589999     0.02877000
     565     0.26640001     0.02877000
     566     0.26670000     0.02884000
     567     0.26710001     0.02891000
     568     0.26750001     0.02898000
     569     0.26789999     0.02905000
     570     0.26830000     0.02912000
     571     0.26859999     0.02912000
     572     0.26899999     0.02911000
     573     0.26940000     0.02911000
     574     0.26980001     0.02911000
     575     0.27020001     0.02911000
     576     0.27070001     0.02918000
     577     0.27120000     0.02926000
     578     0.27169999     0.02934000
     579     0.27219999     0.02942000
     580     0.27270001     0.02950000
     581     0.27320001     0.02978000
     582     0.27370000     0.03006000
     583     0.27419999     0.03034000
     584     0.27469999     0.03062000
     585     0.27520001     0.03090000
     586     0.27570000     0.03090000
     587     0.27620000     0.03090000
     588     0.27669999     0.03090000
     589     0.27720001     0.03089000
     590     0.27770001     0.03089000
     591     0.27820000     0.03089000
     592     0.27869999     0.03089000
     593     0.27919999     0.03088000
     594     0.27970001     0.03088000
     595     0.28020000     0.03088000
     596     0.28070000     0.03088000
     597     0.28119999     0.03087000
     598     0.28180000     0.03087000
     599     0.28230000     0.03087000
     600     0.28279999     0.03087000
     601     0.28330001     0.03098000
     602     0.28380001     0.03110000
     603     0.28439999     0.03122000
     604     0.28490001     0.03133000
     605     0.28549999     0.03145000
     606     0.28610000     0.03147000
     607     0.28659999     0.03150000
     608     0.28720000     0.03152000
     609     0.28780001     0.03155000
     610     0.28839999     0.03157000
     611     0.28900000     0.03157000
     612     0.28960001     0.03157000
     613     0.29020000     0.03156000
     614     0.29080001     0.03156000
     615     0.29130000     0.03156000
     616     0.29190001     0.03163000
     617     0.29240000     0.03170000
     618     0.29290000     0.03177000
     619     0.29339999     0.03184000
     620     0.29390001     0.03191000
     621     0.29440001     0.03198000
     622     0.29499999     0.03205000
     623     0.29550001     0.03212000
     624     0.29600000     0.03219000
     625     0.29650000     0.03227000
     626     0.29699999     0.03263000
     627     0.29750001     0.03299000
     628     0.29800001     0.03335000
     629     0.29850000     0.03371000
     630     0.29899999     0.03408000
     631     0.29949999     0.03407000
     632     0.29990000     0.03407000
     633     0.30039999     0.03407000
     634     0.30080000     0.03407000
     635     0.30129999     0.03406000
     636     0.30170000     0.03425000
     637     0.30219999     0.03443000
     638     0.30260000     0.03461000
     639     0.30300000     0.03479000
     640     0.30350000     0.03498000
     641     0.30390000     0.03515000
     642     0.30440000     0.03533000
     643     0.30480000     0.03551000
     644     0.30530000     0.03568000
     645     0.30570000     0.03586000
     646     0.30620000     0.03593000
     647     0.30660000     0.03600000
     648     0.30710000     0.03607000
     649     0.30750000     0.03614000
     650     0.30800000     0.03621000
     651     0.30860001     0.03636000
     652     0.30919999     0.03650000
     653     0.30970001     0.03664000
     654     0.31029999     0.03679000
     655     0.31090000     0.03693000
     656     0.31169999     0.03710000
     657     0.31250000     0.03727000
     658     0.31330001     0.03743000
     659     0.31410000     0.03760000
     660     0.31490001     0.03777000
     661     0.31560001     0.03782000
     662     0.31619999     0.03786000
     663     0.31690001     0.03791000
     664     0.31760001     0.03795000
     665     0.31819999     0.03800000
     666     0.31880000     0.03829000
     667     0.31930000     0.03858000
     668     0.31990001     0.03887000
     669     0.32040000     0.03916000
     670     0.32100001     0.03945000
     671     0.32159999     0.03944000
     672     0.32210001     0.03944000
     673     0.32269999     0.03944000
     674     0.32319999     0.03944000
     675     0.32380000     0.03943000
     676     0.32440001     0.03980000
     677     0.32499999     0.04016000
     678     0.32570001     0.04052000
     679     0.32630000     0.04088000
     680     0.32690001     0.04124000
     681     0.32749999     0.04131000
     682     0.32810000     0.04138000
     683     0.32879999     0.04146000
     684     0.32940000     0.04153000
     685     0.33000001     0.04160000
     686     0.33039999     0.04167000
     687     0.33090001     0.04174000
     688     0.33129999     0.04181000
     689     0.33170000     0.04188000
     690     0.33219999     0.04195000
     691     0.33250001     0.04195000
     692     0.33280000     0.04194000
     693     0.33320001     0.04194000
     694     0.33350000     0.04194000
     695     0.33379999     0.04194000
     696     0.33410001     0.04193000
     697     0.33450001     0.04193000
     698     0.33480000     0.04193000
     699     0.33510000     0.04193000
     700     0.33550000     0.04193000
     701     0.33610001     0.04214000
     702     0.33669999     0.04236000
     703     0.33730000     0.04257000
     704     0.33790001     0.04279000
     705     0.33849999     0.04301000
     706     0.33919999     0.04332000
     707     0.33980000     0.04363000
     708     0.34050000     0.04394000
     709     0.34119999     0.04426000
     710     0.34180000     0.04457000
     711     0.34240001     0.04462000
     712     0.34290001     0.04466000
     713     0.34340000     0.04471000
     714     0.34390000     0.04476000
     715     0.34439999     0.04480000
     716     0.34490001     0.04495000
     717     0.34540001     0.04509000
     718     0.34590000     0.04523000
     719     0.34639999     0.04538000
     720     0.34689999     0.04552000
     721     0.34760001     0.04566000
     722     0.34830001     0.04581000
     723     0.34900001     0.04595000
     724     0.34970000     0.04609000
     725     0.35040000     0.04624000
     726     0.35120001     0.04653000
     727     0.35200000     0.04682000
     728     0.35290000     0.04711000
     729     0.35370001     0.04739000
     730     0.35450000     0.04768000
     731     0.35490000     0.04805000
     732     0.35530001     0.04841000
     733     0.35569999     0.04877000
     734     0.35600001     0.04913000
     735     0.35640001     0.04949000
     736     0.35679999     0.04971000
     737     0.35720000     0.04993000
     738     0.35749999     0.05014000
     739     0.35789999     0.05036000
     740     0.35830000     0.05058000
     741     0.35870001     0.05073000
     742     0.35910001     0.05089000
     743     0.35949999     0.05105000
     744     0.36000001     0.05121000
     745     0.36039999     0.05136000
     746     0.36090001     0.05156000
     747     0.36149999     0.05175000
     748     0.36210001     0.05195000
     749     0.36260000     0.05214000
     750     0.36320001     0.05233000
     751     0.36370000     0.05253000
     752     0.36430001     0.05272000
     753     0.36489999     0.05292000
     754     0.36539999     0.05311000
     755     0.36600000     0.05330000
     756     0.36669999     0.05355000
     757     0.36739999     0.05380000
     758     0.36809999     0.05404000
     759     0.36880001     0.05429000
     760     0.36950001     0.05454000
     761     0.37000000     0.05461000
     762     0.37050000     0.05468000
     763     0.37099999     0.05475000
     764     0.37149999     0.05482000
     765     0.37189999     0.05489000
     766     0.37220001     0.05489000
     767     0.37250000     0.05488000
     768     0.37279999     0.05488000
     769     0.37310001     0.05488000
     770     0.37329999     0.05488000
     771     0.37360001     0.05490000
     772     0.37390000     0.05493000
     773     0.37419999     0.05496000
     774     0.37450001     0.05498000
     775     0.37470001     0.05501000
     776     0.37520000     0.05549000
     777     0.37580001     0.05597000
     778     0.37630001     0.05645000
     779     0.37680000     0.05692000
     780     0.37729999     0.05740000
     781     0.37779999     0.05753000
     782     0.37830001     0.05766000
     783     0.37889999     0.05778000
     784     0.37940001     0.05791000
     785     0.37990001     0.05804000
     786     0.38040000     0.05813000
     787     0.38080001     0.05821000
     788     0.38130000     0.05830000
     789     0.38170001     0.05839000
     790     0.38220000     0.05847000
     791     0.38249999     0.05884000
     792     0.38290000     0.05920000
     793     0.38319999     0.05956000
     794     0.38360000     0.05992000
     795     0.38389999     0.06028000
     796     0.38429999     0.06028000
     797     0.38460001     0.06028000
     798     0.38499999     0.06028000
     799     0.38530001     0.06027000
     800     0.38569999     0.06027000
     801     0.38620001     0.06063000
     802     0.38659999     0.06100000
     803     0.38710001     0.06136000
     804     0.38760000     0.06172000
     805     0.38810000     0.06208000
     806     0.38859999     0.06223000
     807     0.38909999     0.06237000
     808     0.38960001     0.06251000
     809     0.39010000     0.06266000
     810     0.39060000     0.06280000
     811     0.39109999     0.06280000
     812     0.39170000     0.06279000
     813     0.39219999     0.06279000
     814     0.39280000     0.06279000
     815     0.39330000     0.06279000
     816     0.39390001     0.06300000
     817     0.39440000     0.06322000
     818     0.39500001     0.06344000
     819     0.39550000     0.06365000
     820     0.39610001     0.06387000
     821     0.39660001     0.06433000
     822     0.39710000     0.06479000
     823     0.39760000     0.06525000
     824     0.39809999     0.06571000
     825     0.39870000     0.06616000
     826     0.39910001     0.06643000
     827     0.39950001     0.06669000
     828     0.39989999     0.06696000
     829     0.40030000     0.06722000
     830     0.40070000     0.06749000
     831     0.40099999     0.06749000
     832     0.40130001     0.06748000
     833     0.40149999     0.06748000
     834     0.40180001     0.06748000
     835     0.40210000     0.06748000
     836     0.40230000     0.06747000
     837     0.40259999     0.06747000
     838     0.40279999     0.06747000
     839     0.40310001     0.06747000
     840     0.40340000     0.06747000
     841     0.40380001     0.06776000
     842     0.40430000     0.06806000
     843     0.40470001     0.06836000
     844     0.40520000     0.06866000
     845     0.40560001     0.06896000
     846     0.40610000     0.06938000
     847     0.40660000     0.06981000
     848     0.40700001     0.07023000
     849     0.40750000     0.07066000
     850     0.40790001     0.07109000
     851     0.40820000     0.07108000
     852     0.40849999     0.07108000
     853     0.40880001     0.07108000
     854     0.40910000     0.07108000
     855     0.40939999     0.07107000
     856     0.40970001     0.07107000
     857     0.40990001     0.07107000
     858     0.41020000     0.07107000
     859     0.41040000     0.07106000
     860     0.41069999     0.07106000
     861     0.41100001     0.07113000
     862     0.41130000     0.07119000
     863     0.41159999     0.07126000
     864     0.41190001     0.07132000
     865     0.41220000     0.07139000
     866     0.41280001     0.07197000
     867     0.41339999     0.07256000
     868     0.41389999     0.07315000
     869     0.41450000     0.07373000
     870     0.41499999     0.07432000
     871     0.41549999     0.07432000
     872     0.41600001     0.07431000
     873     0.41650000     0.07431000
     874     0.41700000     0.07431000
     875     0.41749999     0.07431000
     876     0.41780001     0.07445000
     877     0.41819999     0.07459000
     878     0.41850001     0.07474000
     879     0.41890001     0.07488000
     880     0.41929999     0.07502000
     881     0.41960001     0.07521000
     882     0.41999999     0.07539000
     883     0.42039999     0.07558000
     884     0.42070001     0.07576000
     885     0.42109999     0.07595000
     886     0.42140001     0.07614000
     887     0.42170000     0.07632000
     888     0.42210001     0.07651000
     889     0.42240000     0.07670000
     890     0.42269999     0.07689000
     891     0.42300001     0.07717000
     892     0.42320001     0.07745000
     893     0.42350000     0.07772000
     894     0.42370000     0.07800000
     895     0.42399999     0.07828000
     896     0.42420000     0.07848000
     897     0.42449999     0.07867000
     898     0.42469999     0.07887000
     899     0.42500001     0.07907000
     900     0.42519999     0.07927000
     901     0.42550001     0.07943000
     902     0.42580000     0.07959000
     903     0.42609999     0.07975000
     904     0.42640001     0.07991000
     905     0.42670000     0.08007000
     906     0.42699999     0.08006000
     907     0.42739999     0.08006000
     908     0.42770001     0.08006000
     909     0.42809999     0.08006000
     910     0.42840001     0.08005000
     911     0.42879999     0.08022000
     912     0.42910001     0.08039000
     913     0.42950001     0.08056000
     914     0.42980000     0.08073000
     915     0.43020001     0.08090000
     916     0.43059999     0.08120000
     917     0.43110001     0.08151000
     918     0.43149999     0.08181000
     919     0.43189999     0.08212000
     920     0.43239999     0.08243000
     921     0.43279999     0.08272000
     922     0.43329999     0.08301000
     923     0.43370000     0.08330000
     924     0.43419999     0.08359000
     925     0.43460000     0.08389000
     926     0.43509999     0.08404000
     927     0.43550000     0.08419000
     928     0.43590000     0.08434000
     929     0.43640000     0.08449000
     930     0.43680000     0.08464000
     931     0.43700001     0.08495000
     932     0.43730000     0.08526000
     933     0.43759999     0.08557000
     934     0.43779999     0.08588000
     935     0.43810001     0.08619000
     936     0.43840000     0.08636000
     937     0.43860000     0.08653000
     938     0.43889999     0.08670000
     939     0.43920001     0.08686000
     940     0.43939999     0.08703000
     941     0.43970001     0.08737000
     942     0.44000000     0.08771000
     943     0.44029999     0.08804000
     944     0.44060001     0.08838000
     945     0.44090000     0.08872000
     946     0.44119999     0.08882000
     947     0.44150001     0.08893000
     948     0.44180000     0.08904000
     949     0.44209999     0.08914000
     950     0.44240001     0.08925000
     951     0.44270000     0.08947000
     952     0.44299999     0.08969000
     953     0.44330001     0.08991000
     954     0.44360000     0.09013000
     955     0.44380000     0.09035000
     956     0.44389999     0.09058000
     957     0.44400001     0.09081000
     958     0.44409999     0.09104000
     959     0.44409999     0.09127000
     960     0.44420001     0.09151000
     961     0.44430000     0.09189000
     962     0.44440001     0.09227000
     963     0.44450000     0.09265000
     964     0.44459999     0.09303000
     965     0.44470000     0.09341000
     966     0.44499999     0.09355000
     967     0.44530001     0.09369000
     968     0.44560000     0.09384000
     969     0.44589999     0.09398000
     970     0.44620001     0.09412000
     971     0.44650000     0.09437000
     972     0.44679999     0.09461000
     973     0.44710001     0.09485000
     974     0.44740000     0.09509000
     975     0.44769999     0.09534000
     976     0.44790000     0.09540000
     977     0.44819999     0.09546000
     978     0.44850001     0.09552000
     979     0.44870001     0.09558000
     980     0.44900000     0.09564000
     981     0.44920000     0.09569000
     982     0.44949999     0.09575000
     983     0.44970000     0.09580000
     984     0.44999999     0.09586000
     985     0.45019999     0.09591000
     986     0.45060000     0.09617000
     987     0.45089999     0.09643000
     988     0.45130000     0.09669000
     989     0.45159999     0.09695000
     990     0.45199999     0.09722000
     991     0.45249999     0.09797000
     992     0.45300001     0.09872000
     993     0.45350000     0.09947000
     994     0.45400000     0.10020000
     995     0.45449999     0.10100000
     996     0.45490000     0.10100000
     997     0.45530000     0.10100000
     998     0.45570001     0.10100000
     999     0.45609999     0.10100000
    1000     0.45649999     0.10100000
    1001     0.45680001     0.10100000
    1002     0.45710000     0.10110000
    1003     0.45730001     0.10110000
    1004     0.45760000     0.10120000
    1005     0.45789999     0.10120000
    1006     0.45789999     0.10150000
    1007     0.45800000     0.10170000
    1008     0.45800000     0.10190000
    1009     0.45800000     0.10220000
    1010     0.45809999     0.10240000
    1011     0.45820001     0.10260000
    1012     0.45829999     0.10280000
    1013     0.45840001     0.10310000
    1014     0.45850000     0.10330000
    1015     0.45860001     0.10350000
    1016     0.45890000     0.10350000
    1017     0.45910001     0.10350000
    1018     0.45940000     0.10350000
    1019     0.45969999     0.10350000
    1020     0.45989999     0.10350000
    1021     0.46020001     0.10350000
    1022     0.46039999     0.10350000
    1023     0.46059999     0.10350000
    1024     0.46079999     0.10350000
    1025     0.46110001     0.10350000
    1026     0.46129999     0.10420000
    1027     0.46140000     0.10490000
    1028     0.46160001     0.10560000
    1029     0.46180001     0.10630000
    1030     0.46200001     0.10700000
    1031     0.46219999     0.10750000
    1032     0.46230000     0.10800000
    1033     0.46250001     0.10860000
    1034     0.46270001     0.10910000
    1035     0.46280000     0.10960000
    1036     0.46280000     0.10960000
    1037     0.46270001     0.10960000
    1038     0.46270001     0.10960000
    1039     0.46270001     0.10960000
    1040     0.46259999     0.10960000
    1041     0.46259999     0.10960000
    1042     0.46259999     0.10960000
    1043     0.46250001     0.10960000
    1044     0.46250001     0.10960000
    1045     0.46250001     0.10960000
    1046     0.46250001     0.10960000
    1047     0.46259999     0.10960000
    1048     0.46259999     0.10960000
    1049     0.46270001     0.10960000
    1050     0.46280000     0.10960000
    1051     0.46280000     0.10970000
    1052     0.46290001     0.10990000
    1053     0.46300000     0.11000000
    1054     0.46309999     0.11020000
    1055     0.46309999     0.11030000
    1056     0.46320000     0.11050000
    1057     0.46329999     0.11080000
    1058     0.46340001     0.11100000
    1059     0.46349999     0.11120000
    1060     0.46360001     0.11140000
    1061     0.46399999     0.11180000
    1062     0.46450001     0.11210000
    1063     0.46489999     0.11250000
    1064     0.46529999     0.11290000
    1065     0.46579999     0.11320000
    1066     0.46610001     0.11320000
    1067     0.46640000     0.11320000
    1068     0.46669999     0.11320000
    1069     0.46700001     0.11320000
    1070     0.46730000     0.11320000
    1071     0.46730000     0.11350000
    1072     0.46740001     0.11380000
    1073     0.46750000     0.11410000
    1074     0.46759999     0.11440000
    1075     0.46770000     0.11460000
    1076     0.46770000     0.11480000
    1077     0.46779999     0.11500000
    1078     0.46790001     0.11520000
    1079     0.46799999     0.11540000
    1080     0.46810001     0.11560000
    1081     0.46820000     0.11580000
    1082     0.46840000     0.11600000
    1083     0.46849999     0.11620000
    1084     0.46869999     0.11630000
    1085     0.46880001     0.11650000
    1086     0.46900001     0.11680000
    1087     0.46919999     0.11710000
    1088     0.46939999     0.11740000
    1089     0.46959999     0.11760000
    1090     0.46980000     0.11790000
    1091     0.47009999     0.11820000
    1092     0.47040001     0.11840000
    1093     0.47080001     0.11860000
    1094     0.47110000     0.11880000
    1095     0.47139999     0.11910000
    1096     0.47150001     0.11910000
    1097     0.47160000     0.11920000
    1098     0.47160000     0.11930000
    1099     0.47170001     0.11940000
    1100     0.47180000     0.11950000
    1101     0.47170001     0.11960000
    1102     0.47170001     0.11970000
    1103     0.47160000     0.11990000
    1104     0.47160000     0.12000000
    1105     0.47150001     0.12020000
    1106     0.47180000     0.12040000
    1107     0.47200000     0.12060000
    1108     0.47229999     0.12090000
    1109     0.47250000     0.12110000
    1110     0.47279999     0.12130000
    1111     0.47310001     0.12150000
    1112     0.47330001     0.12170000
    1113     0.47360000     0.12180000
    1114     0.47389999     0.12200000
    1115     0.47420001     0.12210000
    1116     0.47430000     0.12230000
    1117     0.47450000     0.12250000
    1118     0.47459999     0.12260000
    1119     0.47479999     0.12280000
    1120     0.47490001     0.12290000
    1121     0.47490001     0.12310000
    1122     0.47490001     0.12330000
    1123     0.47490001     0.12340000
    1124     0.47490001     0.12360000
    1125     0.47490001     0.12380000
    1126     0.47490001     0.12400000
    1127     0.47490001     0.12410000
    1128     0.47490001     0.12430000
    1129     0.47490001     0.12450000
    1130     0.47490001     0.12460000
    1131     0.47510001     0.12480000
    1132     0.47530001     0.12500000
    1133     0.47549999     0.12520000
    1134     0.47569999     0.12530001
    1135     0.47589999     0.12549999
    1136     0.47610000     0.12570000
    1137     0.47639999     0.12590000
    1138     0.47659999     0.12610000
    1139     0.47679999     0.12630001
    1140     0.47700000     0.12650000
    1141     0.47729999     0.12670000
    1142     0.47749999     0.12680000
    1143     0.47770000     0.12690000
    1144     0.47790000     0.12710001
    1145     0.47819999     0.12720001
    1146     0.47839999     0.12740000
    1147     0.47860000     0.12750000
    1148     0.47880000     0.12770000
    1149     0.47909999     0.12780000
    1150     0.47929999     0.12790000
    1151     0.47929999     0.12809999
    1152     0.47940001     0.12819999
    1153     0.47940001     0.12840000
    1154     0.47950000     0.12850000
    1155     0.47960001     0.12870000
    1156     0.47950000     0.12880000
    1157     0.47950000     0.12899999
    1158     0.47950000     0.12909999
    1159     0.47950000     0.12930000
    1160     0.47950000     0.12940000
    1161     0.47990000     0.12960000
    1162     0.48019999     0.12970001
    1163     0.48050001     0.12989999
    1164     0.48080000     0.13000000
    1165     0.48109999     0.13020000
    1166     0.48109999     0.13030000
    1167     0.48109999     0.13040000
    1168     0.48109999     0.13060001
    1169     0.48109999     0.13070001
    1170     0.48109999     0.13090000
    1171     0.48130000     0.13100000
    1172     0.48150000     0.13120000
    1173     0.48159999     0.13140000
    1174     0.48179999     0.13160001
    1175     0.48199999     0.13180000
    1176     0.48249999     0.13200000
    1177     0.48289999     0.13220000
    1178     0.48330000     0.13230000
    1179     0.48379999     0.13249999
    1180     0.48420000     0.13270000
    1181     0.48449999     0.13290000
    1182     0.48469999     0.13310000
    1183     0.48500001     0.13339999
    1184     0.48519999     0.13360000
    1185     0.48550001     0.13380000
    1186     0.48570001     0.13400000
    1187     0.48580000     0.13429999
    1188     0.48600000     0.13460000
    1189     0.48620000     0.13480000
    1190     0.48640001     0.13510001
    1191     0.48629999     0.13519999
    1192     0.48629999     0.13530000
    1193     0.48629999     0.13530000
    1194     0.48629999     0.13540000
    1195     0.48629999     0.13550000
    1196     0.48629999     0.13580000
    1197     0.48640001     0.13609999
    1198     0.48640001     0.13640000
    1199     0.48640001     0.13670000
    1200     0.48640001     0.13689999
    1201     0.48660001     0.13710000
    1202     0.48679999     0.13730000
    1203     0.48699999     0.13740000
    1204     0.48719999     0.13760000
    1205     0.48740000     0.13770001
    1206     0.48750001     0.13830000
    1207     0.48750001     0.13880000
    1208     0.48760000     0.13940001
    1209     0.48769999     0.13990000
    1210     0.48769999     0.14049999
    1211     0.48780000     0.14070000
    1212     0.48780000     0.14090000
    1213     0.48780000     0.14110000
    1214     0.48780000     0.14120001
    1215     0.48789999     0.14139999
    1216     0.48809999     0.14150000
    1217     0.48840001     0.14150000
    1218     0.48870000     0.14150000
    1219     0.48890001     0.14160000
    1220     0.48920000     0.14160000
    1221     0.48930001     0.14200000
    1222     0.48930001     0.14229999
    1223     0.48940000     0.14270000
    1224     0.48949999     0.14309999
    1225     0.48960000     0.14340000
    1226     0.48969999     0.14380001
    1227     0.48969999     0.14420000
    1228     0.48980001     0.14450000
    1229     0.48989999     0.14489999
    1230     0.49000001     0.14530000
    1231     0.49010000     0.14530000
    1232     0.49020001     0.14520000
    1233     0.49030000     0.14520000
    1234     0.49039999     0.14520000
    1235     0.49050000     0.14520000
    1236     0.49070001     0.14530000
    1237     0.49090001     0.14540000
    1238     0.49120000     0.14550000
    1239     0.49140000     0.14550000
    1240     0.49160001     0.14560001
    1241     0.49190000     0.14560001
    1242     0.49210000     0.14560001
    1243     0.49239999     0.14560001
    1244     0.49259999     0.14560001
    1245     0.49290001     0.14560001
    1246     0.49290001     0.14579999
    1247     0.49290001     0.14600000
    1248     0.49300000     0.14620000
    1249     0.49300000     0.14640000
    1250     0.49300000     0.14669999
    1251     0.49290001     0.14690000
    1252     0.49280000     0.14710000
    1253     0.49270001     0.14740001
    1254     0.49259999     0.14760000
    1255     0.49239999     0.14780000
    1256     0.49259999     0.14790000
    1257     0.49280000     0.14790000
    1258     0.49300000     0.14800000
    1259     0.49320000     0.14800000
    1260     0.49340001     0.14810000
    1261     0.49349999     0.14810000
    1262     0.49360001     0.14810000
    1263     0.49370000     0.14810000
    1264     0.49380001     0.14810000
    1265     0.49390000     0.14810000
    1266     0.49390000     0.14810000
    1267     0.49399999     0.14810000
    1268     0.49399999     0.14810000
    1269     0.49410000     0.14810000
    1270     0.49410000     0.14810000
    1271     0.49419999     0.14830001
    1272     0.49430001     0.14850000
    1273     0.49450001     0.14870000
    1274     0.49460000     0.14890000
    1275     0.49470001     0.14910001
    1276     0.49480000     0.14920001
    1277     0.49500000     0.14929999
    1278     0.49509999     0.14940000
    1279     0.49529999     0.14940000
    1280     0.49540001     0.14950000
    1281     0.49570000     0.14990000
    1282     0.49590001     0.15019999
    1283     0.49620000     0.15060000
    1284     0.49649999     0.15099999
    1285     0.49669999     0.15130000
    1286     0.49689999     0.15130000
    1287     0.49720001     0.15130000
    1288     0.49739999     0.15130000
    1289     0.49759999     0.15130000
    1290     0.49790001     0.15130000
    1291     0.49800000     0.15130000
    1292     0.49820000     0.15130000
    1293     0.49840000     0.15130000
    1294     0.49860001     0.15130000
    1295     0.49880001     0.15130000
    1296     0.49869999     0.15170000
    1297     0.49869999     0.15210000
    1298     0.49869999     0.15250000
    1299     0.49869999     0.15290000
    1300     0.49869999     0.15330000
    1301     0.49869999     0.15330000
    1302     0.49869999     0.15330000
    1303     0.49869999     0.15340000
    1304     0.49869999     0.15340000
    1305     0.49869999     0.15350001
    1306     0.49869999     0.15350001
    1307     0.49869999     0.15350001
    1308     0.49869999     0.15340000
    1309     0.49869999     0.15340000
    1310     0.49869999     0.15340000
    1311     0.49869999     0.15340000
    1312     0.49869999     0.15340000
    1313     0.49869999     0.15340000
    1314     0.49869999     0.15340000
    1315     0.49869999     0.15340000
    1316     0.49869999     0.15340000
    1317     0.49869999     0.15340000
    1318     0.49869999     0.15340000
    1319     0.49869999     0.15340000
    1320     0.49869999     0.15340000
    1321     0.49869999     0.15340000
    1322     0.49869999     0.15340000
    1323     0.49869999     0.15340000
    1324     0.49869999     0.15340000
    1325     0.49869999     0.15340000
    1326     0.49860001     0.15340000
    1327     0.49860001     0.15340000
    1328     0.49860001     0.15340000
    1329     0.49860001     0.15340000
    1330     0.49860001     0.15340000
    1331     0.49869999     0.15340000
    1332     0.49869999     0.15340000
    1333     0.49869999     0.15340000
    1334     0.49869999     0.15340000
    1335     0.49869999     0.15340000
    1336     0.49890000     0.15320000
    1337     0.49900001     0.15310000
    1338     0.49910000     0.15290000
    1339     0.49930000     0.15270001
    1340     0.49939999     0.15260001
    1341     0.49959999     0.15230000
    1342     0.49970001     0.15200000
    1343     0.49990001     0.15170000
    1344     0.50000000     0.15150000
    1345     0.50019997     0.15120000
    1346     0.50019997     0.15099999
    1347     0.50029999     0.15090001
    1348     0.50029999     0.15070000
    1349     0.50029999     0.15060000
    1350     0.50040001     0.15040000
    1351     0.50040001     0.15040000
    1352     0.50040001     0.15040000
    1353     0.50040001     0.15040000
    1354     0.50040001     0.15040000
    1355     0.50040001     0.15040000
    1356     0.50019997     0.15000001
    1357     0.50000000     0.14970000
    1358     0.49980000     0.14929999
    1359     0.49959999     0.14890000
    1360     0.49950001     0.14860000
    1361     0.49930000     0.14810000
    1362     0.49919999     0.14760000
    1363     0.49910000     0.14710000
    1364     0.49900001     0.14659999
    1365     0.49890000     0.14610000
    1366     0.49890000     0.14540000
    1367     0.49890000     0.14470001
    1368     0.49890000     0.14399999
    1369     0.49890000     0.14330000
    1370     0.49890000     0.14250000
    1371     0.49890000     0.14139999
    1372     0.49890000     0.14030001
    1373     0.49890000     0.13920000
    1374     0.49890000     0.13810000
    1375     0.49890000     0.13699999
    1376     0.49880001     0.13630000
    1377     0.49880001     0.13550000
    1378     0.49880001     0.13480000
    1379     0.49880001     0.13400000
    1380     0.49880001     0.13320000
    1381     0.49790001     0.13210000
    1382     0.49700001     0.13090000
    1383     0.49620000     0.12980001
    1384     0.49529999     0.12870000
    1385     0.49439999     0.12750000
    1386     0.49399999     0.12639999
    1387     0.49370000     0.12520000
    1388     0.49329999     0.12400000
    1389     0.49300000     0.12290000
    1390     0.49259999     0.12170000
    1391     0.49259999     0.12090000
    1392     0.49259999     0.12010000
    1393     0.49259999     0.11930000
    1394     0.49259999     0.11850000
    1395     0.49259999     0.11780000
    1396     0.49259999     0.11690000
    1397     0.49259999     0.11610000
    1398     0.49259999     0.11520000
    1399     0.49259999     0.11430000
    1400     0.49259999     0.11350000
    1401     0.49259999     0.11280000
    1402     0.49259999     0.11220000
    1403     0.49259999     0.11160000
    1404     0.49259999     0.11090000
    1405     0.49259999     0.11030000
    1406     0.49259999     0.10980000
    1407     0.49259999     0.10930000
    1408     0.49259999     0.10880000
    1409     0.49259999     0.10830000
    1410     0.49250001     0.10780000
    1411     0.49329999     0.10700000
    1412     0.49399999     0.10620000
    1413     0.49470001     0.10540000
    1414     0.49550000     0.10460000
    1415     0.49620000     0.10390000
    1416     0.49680001     0.10370000
    1417     0.49739999     0.10360000
    1418     0.49800000     0.10350000
    1419     0.49860001     0.10340000
    1420     0.49919999     0.10320000
    1421     0.49939999     0.10290000
    1422     0.49970001     0.10260000
    1423     0.49990001     0.10240000
    1424     0.50010002     0.10210000
    1425     0.50029999     0.10180000
    1426     0.50040001     0.10160000
    1427     0.50050002     0.10150000
    1428     0.50059998     0.10130000
    1429     0.50059998     0.10120000
    1430     0.50070000     0.10100000
    1431     0.50070000     0.10100000
    1432     0.50080001     0.10100000
    1433     0.50080001     0.10100000
    1434     0.50080001     0.10100000
    1435     0.50080001     0.10100000
    1436     0.50080001     0.10100000
    1437     0.50080001     0.10100000
    1438     0.50080001     0.10100000
    1439     0.50080001     0.10100000
    1440     0.50080001     0.10100000
    1441     0.50080001     0.10100000
    1442     0.50080001     0.10100000
    1443     0.50080001     0.10100000
    1444     0.50080001     0.10100000
    1445     0.50080001     0.10100000
    1446     0.50070000     0.10120000
    1447     0.50059998     0.10140000
    1448     0.50059998     0.10160000
    1449     0.50050002     0.10190000
    1450     0.50040001     0.10210000
    1451     0.50040001     0.10210000
    1452     0.50050002     0.10210000
    1453     0.50050002     0.10210000
    1454     0.50059998     0.10210000
    1455     0.50059998     0.10210000
    1456     0.50080001     0.10210000
    1457     0.50110000     0.10210000
    1458     0.50139999     0.10210000
    1459     0.50160003     0.10200000
    1460     0.50190002     0.10200000
    1461     0.50199997     0.10230000
    1462     0.50220001     0.10260000
    1463     0.50230002     0.10290000
    1464     0.50250000     0.10320000
    1465     0.50260001     0.10350000
    1466     0.50269997     0.10360000
    1467     0.50279999     0.10370000
    1468     0.50290000     0.10370000
    1469     0.50309998     0.10380000
    1470     0.50319999     0.10390000
    1471     0.50319999     0.10490000
    1472     0.50330001     0.10590000
    1473     0.50330001     0.10690000
    1474     0.50340003     0.10790000
    1475     0.50340003     0.10880000
    1476     0.50319999     0.10920000
    1477     0.50300002     0.10960000
    1478     0.50279999     0.11000000
    1479     0.50260001     0.11040000
    1480     0.50239998     0.11070000
    1481     0.50220001     0.11080000
    1482     0.50199997     0.11080000
    1483     0.50190002     0.11080000
    1484     0.50169998     0.11080000
    1485     0.50150001     0.11080000
    1486     0.50169998     0.11140000
    1487     0.50190002     0.11200000
    1488     0.50209999     0.11260000
    1489     0.50230002     0.11330000
    1490     0.50250000     0.11390000
    1491     0.50269997     0.11440000
    1492     0.50290000     0.11500000
    1493     0.50309998     0.11560000
    1494     0.50330001     0.11610000
    1495     0.50349998     0.11670000
    1496     0.50360000     0.11710000
    1497     0.50370002     0.11750000
    1498     0.50379997     0.11800000
    1499     0.50400001     0.11840000
    1500     0.50410002     0.11880000
    1501     0.50389999     0.11920000
    1502     0.50370002     0.11960000
    1503     0.50360000     0.12000000
    1504     0.50340003     0.12040000
    1505     0.50330001     0.12080000
    1506     0.50349998     0.12120000
    1507     0.50360000     0.12160000
    1508     0.50379997     0.12200000
    1509     0.50400001     0.12230000
    1510     0.50419998     0.12270000
    1511     0.50440001     0.12330000
    1512     0.50470001     0.12390000
    1513     0.50489998     0.12450000
    1514     0.50510001     0.12510000
    1515     0.50540000     0.12570000
    1516     0.50569999     0.12620001
    1517     0.50610000     0.12680000
    1518     0.50650001     0.12740000
    1519     0.50680000     0.12790000
    1520     0.50720000     0.12850000
    1521     0.50720000     0.12909999
    1522     0.50730002     0.12980001
    1523     0.50730002     0.13050000
    1524     0.50730002     0.13110000
    1525     0.50739998     0.13180000
    1526     0.50720000     0.13210000
    1527     0.50709999     0.13240001
    1528     0.50690001     0.13270000
    1529     0.50680000     0.13290000
    1530     0.50669998     0.13320000
    1531     0.50669998     0.13370000
    1532     0.50669998     0.13420001
    1533     0.50669998     0.13470000
    1534     0.50669998     0.13519999
    1535     0.50669998     0.13570000
    1536     0.50680000     0.13600001
    1537     0.50700003     0.13630000
    1538     0.50709999     0.13660000
    1539     0.50720000     0.13689999
    1540     0.50739998     0.13720000
    1541     0.50749999     0.13770001
    1542     0.50760001     0.13810000
    1543     0.50779998     0.13850001
    1544     0.50790000     0.13900000
    1545     0.50800002     0.13940001
    1546     0.50800002     0.13959999
    1547     0.50790000     0.13980000
    1548     0.50779998     0.14000000
    1549     0.50770003     0.14030001
    1550     0.50770003     0.14049999
    1551     0.50749999     0.14070000
    1552     0.50739998     0.14100000
    1553     0.50730002     0.14129999
    1554     0.50720000     0.14150000
    1555     0.50709999     0.14180000
    1556     0.50720000     0.14240000
    1557     0.50739998     0.14290000
    1558     0.50749999     0.14350000
    1559     0.50770003     0.14399999
    1560     0.50779998     0.14460000
    1561     0.50790000     0.14510000
    1562     0.50800002     0.14550000
    1563     0.50819999     0.14600000
    1564     0.50830001     0.14650001
    1565     0.50840002     0.14700000
    1566     0.50840002     0.14749999
    1567     0.50840002     0.14800000
    1568     0.50840002     0.14850000
    1569     0.50840002     0.14890000
    1570     0.50840002     0.14940000
    1571     0.50840002     0.14980000
    1572     0.50840002     0.15009999
    1573     0.50840002     0.15040000
    1574     0.50840002     0.15080000
    1575     0.50840002     0.15109999
    1576     0.50840002     0.15120000
    1577     0.50840002     0.15130000
    1578     0.50849998     0.15150000
    1579     0.50849998     0.15160000
    1580     0.50849998     0.15170000
    1581     0.50870001     0.15170000
    1582     0.50889999     0.15170000
    1583     0.50900000     0.15170000
    1584     0.50919998     0.15170000
    1585     0.50940001     0.15170000
    1586     0.50959998     0.15170000
    1587     0.50970000     0.15170000
    1588     0.50989997     0.15170000
    1589     0.51010001     0.15170000
    1590     0.51029998     0.15170000
    1591     0.51029998     0.15210000
    1592     0.51040000     0.15250000
    1593     0.51040000     0.15300000
    1594     0.51050001     0.15340000
    1595     0.51059997     0.15380000
    1596     0.51029998     0.15410000
    1597     0.51010001     0.15440001
    1598     0.50989997     0.15470000
    1599     0.50970000     0.15500000
    1600     0.50950003     0.15530001
    1601     0.50929999     0.15549999
    1602     0.50910002     0.15570000
    1603     0.50889999     0.15580000
    1604     0.50870001     0.15600000
    1605     0.50849998     0.15620001
    1606     0.50860000     0.15680000
    1607     0.50870001     0.15730000
    1608     0.50880003     0.15780000
    1609     0.50889999     0.15840000
    1610     0.50900000     0.15889999
    1611     0.50910002     0.15899999
    1612     0.50919998     0.15899999
    1613     0.50929999     0.15910000
    1614     0.50950003     0.15920000
    1615     0.50959998     0.15920000
    1616     0.50950003     0.15940000
    1617     0.50929999     0.15950000
    1618     0.50919998     0.15970001
    1619     0.50910002     0.15979999
    1620     0.50900000     0.16000000
    1621     0.50889999     0.16000000
    1622     0.50870001     0.16000000
    1623     0.50860000     0.16000000
    1624     0.50849998     0.16000000
    1625     0.50840002     0.16000000
    1626     0.50830001     0.16030000
    1627     0.50830001     0.16060001
    1628     0.50830001     0.16080000
    1629     0.50819999     0.16110000
    1630     0.50819999     0.16140001
    1631     0.50819999     0.16180000
    1632     0.50819999     0.16210000
    1633     0.50819999     0.16249999
    1634     0.50819999     0.16280000
    1635     0.50819999     0.16310000
    1636     0.50819999     0.16310000
    1637     0.50819999     0.16320001
    1638     0.50819999     0.16320001
    1639     0.50819999     0.16320001
    1640     0.50819999     0.16320001
    1641     0.50819999     0.16320001
    1642     0.50819999     0.16320001
    1643     0.50819999     0.16320001
    1644     0.50819999     0.16320001
    1645     0.50819999     0.16320001
    1646     0.50849998     0.16320001
    1647     0.50889999     0.16320001
    1648     0.50919998     0.16320001
    1649     0.50959998     0.16320001
    1650     0.50989997     0.16320001
    1651     0.51010001     0.16329999
    1652     0.51040000     0.16350000
    1653     0.51059997     0.16360000
    1654     0.51090002     0.16380000
    1655     0.51109999     0.16390000
    1656     0.51090002     0.16390000
    1657     0.51069999     0.16390000
    1658     0.51059997     0.16390000
    1659     0.51040000     0.16390000
    1660     0.51020002     0.16390000
    1661     0.50999999     0.16390000
    1662     0.50980002     0.16390000
    1663     0.50970000     0.16390000
    1664     0.50950003     0.16390000
    1665     0.50929999     0.16390000
    1666     0.50910002     0.16390000
    1667     0.50900000     0.16390000
    1668     0.50880003     0.16390000
    1669     0.50860000     0.16390000
    1670     0.50840002     0.16390000
    1671     0.50830001     0.16390000
    1672     0.50830001     0.16390000
    1673     0.50819999     0.16390000
    1674     0.50809997     0.16390000
    1675     0.50809997     0.16390000
    1676     0.50809997     0.16390000
    1677     0.50809997     0.16390000
    1678     0.50800002     0.16380000
    1679     0.50800002     0.16380000
    1680     0.50800002     0.16380000
    1681     0.50800002     0.16390000
    1682     0.50800002     0.16400000
    1683     0.50800002     0.16410001
    1684     0.50800002     0.16410001
    1685     0.50800002     0.16419999
    1686     0.50800002     0.16419999
    1687     0.50800002     0.16419999
    1688     0.50800002     0.16419999
    1689     0.50800002     0.16419999
    1690     0.50800002     0.16419999
    1691     0.50819999     0.16429999
    1692     0.50840002     0.16429999
    1693     0.50860000     0.16440000
    1694     0.50880003     0.16450000
    1695     0.50900000     0.16450000
    1696     0.50929999     0.16450000
    1697     0.50950003     0.16450000
    1698     0.50980002     0.16450000
    1699     0.51010001     0.16450000
    1700     0.51029998     0.16450000
    1701     0.51059997     0.16450000
    1702     0.51080000     0.16450000
    1703     0.51109999     0.16450000
    1704     0.51139998     0.16450000
    1705     0.51160002     0.16450000
    1706     0.51169997     0.16450000
    1707     0.51179999     0.16450000
    1708     0.51190001     0.16450000
    1709     0.51200002     0.16450000
    1710     0.51209998     0.16450000
    1711     0.51220000     0.16450000
    1712     0.51220000     0.16450000
    1713     0.51220000     0.16450000
    1714     0.51230001     0.16450000
    1715     0.51230001     0.16450000
    1716     0.51200002     0.16419999
    1717     0.51160002     0.16390000
    1718     0.51130003     0.16360000
    1719     0.51099998     0.16329999
    1720     0.51069999     0.16300000
    1721     0.51040000     0.16300000
    1722     0.51020002     0.16300000
    1723     0.50999999     0.16300000
    1724     0.50980002     0.16300000
    1725     0.50950003     0.16300000
    1726     0.50959998     0.16290000
    1727     0.50959998     0.16270000
    1728     0.50970000     0.16260000
    1729     0.50970000     0.16240001
    1730     0.50980002     0.16230001
    1731     0.50950003     0.16230001
    1732     0.50919998     0.16230001
    1733     0.50889999     0.16230001
    1734     0.50860000     0.16230001
    1735     0.50830001     0.16230001
    1736     0.50849998     0.16170000
    1737     0.50860000     0.16120000
    1738     0.50880003     0.16069999
    1739     0.50900000     0.16020000
    1740     0.50910002     0.15970001
    1741     0.50919998     0.15970001
    1742     0.50929999     0.15970001
    1743     0.50940001     0.15970001
    1744     0.50950003     0.15970001
    1745     0.50959998     0.15970001
    1746     0.50959998     0.15970001
    1747     0.50959998     0.15970001
    1748     0.50959998     0.15970001
    1749     0.50959998     0.15970001
    1750     0.50959998     0.15970001
    1751     0.50970000     0.15940000
    1752     0.50980002     0.15920000
    1753     0.50989997     0.15899999
    1754     0.51010001     0.15880001
    1755     0.51020002     0.15860000
    1756     0.51020002     0.15850000
    1757     0.51029998     0.15850000
    1758     0.51029998     0.15840000
    1759     0.51040000     0.15840000
    1760     0.51050001     0.15840000
    1761     0.51020002     0.15800001
    1762     0.50999999     0.15760000
    1763     0.50980002     0.15719999
    1764     0.50959998     0.15680000
    1765     0.50940001     0.15629999
    1766     0.50919998     0.15590000
    1767     0.50900000     0.15549999
    1768     0.50880003     0.15500000
    1769     0.50860000     0.15459999
    1770     0.50840002     0.15410000
    1771     0.50819999     0.15410000
    1772     0.50809997     0.15410000
    1773     0.50790000     0.15410000
    1774     0.50779998     0.15410000
    1775     0.50760001     0.15410000
    1776     0.50779998     0.15410000
    1777     0.50790000     0.15410000
    1778     0.50809997     0.15410000
    1779     0.50819999     0.15410000
    1780     0.50840002     0.15410000
    1781     0.50860000     0.15410000
    1782     0.50880003     0.15410000
    1783     0.50910002     0.15410000
    1784     0.50929999     0.15410000
    1785     0.50950003     0.15410000
    1786     0.50950003     0.15410000
    1787     0.50950003     0.15410000
    1788     0.50950003     0.15410000
    1789     0.50950003     0.15410000
    1790     0.50950003     0.15410000
    1791     0.50950003     0.15410000
    1792     0.50950003     0.15410000
    1793     0.50950003     0.15410000
    1794     0.50950003     0.15410000
    1795     0.50950003     0.15410000
    1796     0.50950003     0.15410000
    1797     0.50950003     0.15410000
    1798     0.50950003     0.15410000
    1799     0.50950003     0.15410000
    1800     0.50950003     0.15410000
    1801     0.50950003     0.15400000
    1802     0.50950003     0.15390000
    1803     0.50950003     0.15380000
    1804     0.50950003     0.15380000
    1805     0.50940001     0.15369999
    1806     0.50940001     0.15369999
    1807     0.50940001     0.15369999
    1808     0.50940001     0.15369999
    1809     0.50940001     0.15369999
    1810     0.50940001     0.15369999
    1811     0.50900000     0.15369999
    1812     0.50860000     0.15369999
    1813     0.50819999     0.15369999
    1814     0.50779998     0.15369999
    1815     0.50739998     0.15369999
    1816     0.50730002     0.15360001
    1817     0.50720000     0.15350001
    1818     0.50709999     0.15340000
    1819     0.50700003     0.15340000
    1820     0.50690001     0.15330000
    1821     0.50709999     0.15330000
    1822     0.50739998     0.15330000
    1823     0.50760001     0.15330000
    1824     0.50790000     0.15330000
    1825     0.50819999     0.15330000
    1826     0.50809997     0.15310000
    1827     0.50809997     0.15279999
    1828     0.50800002     0.15260001
    1829     0.50800002     0.15240000
    1830     0.50790000     0.15220000
    1831     0.50760001     0.15189999
    1832     0.50730002     0.15170000
    1833     0.50700003     0.15150000
    1834     0.50669998     0.15120000
    1835     0.50639999     0.15099999
    1836     0.50660002     0.15040000
    1837     0.50690001     0.14970000
    1838     0.50709999     0.14910001
    1839     0.50730002     0.14839999
    1840     0.50760001     0.14780000
    1841     0.50790000     0.14730000
    1842     0.50830001     0.14680000
    1843     0.50870001     0.14630000
    1844     0.50910002     0.14579999
    1845     0.50950003     0.14530000
    1846     0.50970000     0.14410000
    1847     0.50999999     0.14290000
    1848     0.51029998     0.14170000
    1849     0.51050001     0.14040001
    1850     0.51080000     0.13920000
    1851     0.51099998     0.13840000
    1852     0.51120001     0.13750000
    1853     0.51150000     0.13660000
    1854     0.51169997     0.13580000
    1855     0.51190001     0.13490000
    1856     0.51220000     0.13410001
    1857     0.51249999     0.13320000
    1858     0.51279998     0.13230000
    1859     0.51310003     0.13150001
    1860     0.51340002     0.13060001
    1861     0.51380002     0.12870000
    1862     0.51419997     0.12690000
    1863     0.51470000     0.12500000
    1864     0.51510000     0.12310000
    1865     0.51550001     0.12120000
    1866     0.51529998     0.11920000
    1867     0.51520002     0.11710000
    1868     0.51499999     0.11510000
    1869     0.51480001     0.11310000
    1870     0.51459998     0.11110000
    1871     0.51419997     0.10770000
    1872     0.51370001     0.10440000
    1873     0.51330000     0.10100000
    1874     0.51279998     0.09765000
    1875     0.51239997     0.09430000
    1876     0.51020002     0.09322000
    1877     0.50809997     0.09214000
    1878     0.50590003     0.09106000
    1879     0.50370002     0.08998000
    1880     0.50160003     0.08890000
    1881     0.50160003     0.08870000
    1882     0.50160003     0.08850000
    1883     0.50150001     0.08829000
    1884     0.50150001     0.08809000
    1885     0.50150001     0.08789000
    1886     0.50190002     0.08823000
    1887     0.50230002     0.08857000
    1888     0.50260001     0.08891000
    1889     0.50300002     0.08924000
    1890     0.50340003     0.08958000
    1891     0.50379997     0.09038000
    1892     0.50419998     0.09118000
    1893     0.50459999     0.09198000
    1894     0.50500000     0.09278000
    1895     0.50550002     0.09358000
    1896     0.50610000     0.09411000
    1897     0.50669998     0.09464000
    1898     0.50730002     0.09518000
    1899     0.50800002     0.09571000
    1900     0.50860000     0.09624000
    1901     0.50860000     0.09694000
    1902     0.50860000     0.09765000
    1903     0.50849998     0.09835000
    1904     0.50849998     0.09905000
    1905     0.50849998     0.09975000
    1906     0.50809997     0.09931000
    1907     0.50760001     0.09886000
    1908     0.50720000     0.09842000
    1909     0.50680000     0.09797000
    1910     0.50639999     0.09752000
    1911     0.50590003     0.09511000
    1912     0.50550002     0.09269000
    1913     0.50510001     0.09027000
    1914     0.50470001     0.08786000
    1915     0.50419998     0.08544000
    1916     0.50379997     0.08363000
    1917     0.50340003     0.08182000
    1918     0.50300002     0.08002000
    1919     0.50269997     0.07821000
    1920     0.50230002     0.07640000
    1921     0.50190002     0.07433000
    1922     0.50150001     0.07226000
    1923     0.50110000     0.07020000
    1924     0.50070000     0.06813000
    1925     0.50029999     0.06606000
    1926     0.50029999     0.06446000
    1927     0.50029999     0.06285000
    1928     0.50029999     0.06124000
    1929     0.50029999     0.05963000
    1930     0.50029999     0.05802000
    1931     0.49919999     0.05701000
    1932     0.49800000     0.05600000
    1933     0.49689999     0.05499000
    1934     0.49579999     0.05398000
    1935     0.49460000     0.05297000
    1936     0.49430001     0.05225000
    1937     0.49390000     0.05154000
    1938     0.49349999     0.05083000
    1939     0.49309999     0.05011000
    1940     0.49270001     0.04940000
    1941     0.49239999     0.04883000
    1942     0.49200001     0.04826000
    1943     0.49160001     0.04769000
    1944     0.49120000     0.04712000
    1945     0.49079999     0.04655000
    1946     0.49070001     0.04626000
    1947     0.49050000     0.04597000
    1948     0.49039999     0.04567000
    1949     0.49020001     0.04538000
    1950     0.49010000     0.04508000
    1951     0.49020001     0.04508000
    1952     0.49030000     0.04508000
    1953     0.49039999     0.04508000
    1954     0.49050000     0.04507000
    1955     0.49059999     0.04507000
    1956     0.49050000     0.04529000
    1957     0.49039999     0.04550000
    1958     0.49020001     0.04572000
    1959     0.49010000     0.04594000
    1960     0.49000001     0.04615000
    1961     0.49000001     0.04615000
    1962     0.49000001     0.04615000
    1963     0.49000001     0.04615000
    1964     0.49000001     0.04614000
    1965     0.49000001     0.04614000
    1966     0.49020001     0.04614000
    1967     0.49039999     0.04614000
    1968     0.49059999     0.04613000
    1969     0.49070001     0.04613000
    1970     0.49090001     0.04613000
    1971     0.49110001     0.04613000
    1972     0.49129999     0.04612000
    1973     0.49140000     0.04612000
    1974     0.49160001     0.04612000
    1975     0.49180001     0.04612000
    1976     0.49300000     0.04626000
    1977     0.49410000     0.04640000
    1978     0.49529999     0.04655000
    1979     0.49640000     0.04669000
    1980     0.49759999     0.04683000
    1981     0.49759999     0.04731000
    1982     0.49759999     0.04779000
    1983     0.49759999     0.04827000
    1984     0.49759999     0.04875000
    1985     0.49770001     0.04922000
    1986     0.49770001     0.04965000
    1987     0.49770001     0.05009000
    1988     0.49770001     0.05052000
    1989     0.49770001     0.05095000
    1990     0.49770001     0.05138000
    1991     0.49770001     0.05192000
    1992     0.49779999     0.05246000
    1993     0.49779999     0.05299000
    1994     0.49779999     0.05353000
    1995     0.49779999     0.05407000
    1996     0.49779999     0.05463000
    1997     0.49779999     0.05518000
    1998     0.49779999     0.05574000
    1999     0.49779999     0.05630000
    2000     0.49790001     0.05685000
    2001     0.49810001     0.05702000
    2002     0.49829999     0.05720000
    2003     0.49849999     0.05737000
    2004     0.49860001     0.05754000
    2005     0.49880001     0.05771000
    2006     0.49910000     0.05807000
    2007     0.49939999     0.05843000
    2008     0.49959999     0.05879000
    2009     0.49990001     0.05916000
    2010     0.50019997     0.05952000
    2011     0.50040001     0.06013000
    2012     0.50059998     0.06073000
    2013     0.50089997     0.06134000
    2014     0.50110000     0.06194000
    2015     0.50129998     0.06255000
    2016     0.50160003     0.06301000
    2017     0.50180000     0.06347000
    2018     0.50209999     0.06393000
    2019     0.50230002     0.06439000
    2020     0.50250000     0.06486000
    2021     0.50279999     0.06524000
    2022     0.50300002     0.06563000
    2023     0.50330001     0.06601000
    2024     0.50349998     0.06640000
    2025     0.50370002     0.06679000
    2026     0.50379997     0.06720000
    2027     0.50379997     0.06761000
    2028     0.50389999     0.06802000
    2029     0.50389999     0.06843000
    2030     0.50400001     0.06885000
    2031     0.50400001     0.06943000
    2032     0.50400001     0.07002000
    2033     0.50400001     0.07060000
    2034     0.50400001     0.07119000
    2035     0.50400001     0.07177000
    2036     0.50440001     0.07267000
    2037     0.50489998     0.07356000
    2038     0.50529999     0.07445000
    2039     0.50580001     0.07534000
    2040     0.50620002     0.07623000
    2041     0.50650001     0.07693000
    2042     0.50680000     0.07764000
    2043     0.50700003     0.07834000
    2044     0.50730002     0.07904000
    2045     0.50760001     0.07974000
    2046     0.50760001     0.08027000
    2047     0.50760001     0.08080000
    2048     0.50760001     0.08133000
    2049     0.50760001     0.08186000
    2050     0.50760001     0.08239000
    2051     0.50770003     0.08283000
    2052     0.50779998     0.08327000
    2053     0.50790000     0.08371000
    2054     0.50800002     0.08415000
    2055     0.50809997     0.08459000
    2056     0.50849998     0.08514000
    2057     0.50889999     0.08570000
    2058     0.50929999     0.08626000
    2059     0.50970000     0.08681000
    2060     0.51010001     0.08737000
    2061     0.50999999     0.08764000
    2062     0.50999999     0.08791000
    2063     0.50989997     0.08817000
    2064     0.50980002     0.08844000
    2065     0.50980002     0.08871000
    2066     0.50950003     0.08911000
    2067     0.50919998     0.08951000
    2068     0.50889999     0.08992000
    2069     0.50860000     0.09032000
    2070     0.50830001     0.09072000
    2071     0.50800002     0.09072000
    2072     0.50779998     0.09072000
    2073     0.50760001     0.09071000
    2074     0.50730002     0.09071000
    2075     0.50709999     0.09071000
    2076     0.50709999     0.09089000
    2077     0.50709999     0.09107000
    2078     0.50709999     0.09125000
    2079     0.50709999     0.09143000
    2080     0.50709999     0.09162000
    2081     0.50709999     0.09209000
    2082     0.50709999     0.09256000
    2083     0.50700003     0.09303000
    2084     0.50700003     0.09350000
    2085     0.50700003     0.09397000
    2086     0.50700003     0.09447000
    2087     0.50690001     0.09496000
    2088     0.50690001     0.09546000
    2089     0.50680000     0.09596000
    2090     0.50680000     0.09646000
    2091     0.50669998     0.09691000
    2092     0.50669998     0.09737000
    2093     0.50660002     0.09782000
    2094     0.50660002     0.09827000
    2095     0.50650001     0.09872000
    2096     0.50639999     0.09886000
    2097     0.50620002     0.09899000
    2098     0.50610000     0.09913000
    2099     0.50590003     0.09926000
    2100     0.50580001     0.09940000
    2101     0.50540000     0.09976000
    2102     0.50500000     0.10010000
    2103     0.50470001     0.10050000
    2104     0.50430000     0.10080000
    2105     0.50389999     0.10120000
    2106     0.50430000     0.10180000
    2107     0.50470001     0.10250000
    2108     0.50500000     0.10310000
    2109     0.50540000     0.10370000
    2110     0.50580001     0.10430000
    2111     0.50559998     0.10450000
    2112     0.50550002     0.10470000
    2113     0.50540000     0.10490000
    2114     0.50520003     0.10510000
    2115     0.50510001     0.10530000
    2116     0.50500000     0.10590000
    2117     0.50480002     0.10640000
    2118     0.50470001     0.10700000
    2119     0.50459999     0.10750000
    2120     0.50440001     0.10810000
    2121     0.50470001     0.10810000
    2122     0.50510001     0.10810000
    2123     0.50540000     0.10810000
    2124     0.50569999     0.10810000
    2125     0.50599998     0.10810000
    2126     0.50550002     0.10860000
    2127     0.50500000     0.10920000
    2128     0.50449997     0.10980000
    2129     0.50400001     0.11030000
    2130     0.50349998     0.11090000
    2131     0.50389999     0.11110000
    2132     0.50430000     0.11140000
    2133     0.50470001     0.11160000
    2134     0.50510001     0.11180000
    2135     0.50550002     0.11210000
    2136     0.50529999     0.11210000
    2137     0.50510001     0.11220000
    2138     0.50480002     0.11230000
    2139     0.50459999     0.11240000
    2140     0.50440001     0.11240000
    2141     0.50410002     0.11280000
    2142     0.50370002     0.11320000
    2143     0.50340003     0.11360000
    2144     0.50309998     0.11400000
    2145     0.50279999     0.11440000
    2146     0.50239998     0.11450000
    2147     0.50209999     0.11460000
    2148     0.50180000     0.11470000
    2149     0.50150001     0.11480000
    2150     0.50110000     0.11500000
    2151     0.50089997     0.11490000
    2152     0.50070000     0.11490000
    2153     0.50050002     0.11490000
    2154     0.50029999     0.11490000
    2155     0.50000000     0.11490000
    2156     0.49980000     0.11490000
    2157     0.49959999     0.11490000
    2158     0.49939999     0.11490000
    2159     0.49919999     0.11490000
    2160     0.49900001     0.11490000
    2161     0.49880001     0.11490000
    2162     0.49860001     0.11490000
    2163     0.49840000     0.11490000
    2164     0.49810001     0.11490000
    2165     0.49790001     0.11490000
    2166     0.49779999     0.11490000
    2167     0.49759999     0.11490000
    2168     0.49739999     0.11490000
    2169     0.49720001     0.11490000
    2170     0.49700001     0.11490000
    2171     0.49720001     0.11490000
    2172     0.49739999     0.11490000
    2173     0.49750000     0.11490000
    2174     0.49770001     0.11490000
    2175     0.49790001     0.11490000
    2176     0.49790001     0.11490000
    2177     0.49790001     0.11490000
    2178     0.49790001     0.11490000
    2179     0.49790001     0.11490000
    2180     0.49790001     0.11490000
    2181     0.49630001     0.11490000
    2182     0.49460000     0.11500000
    2183     0.49290001     0.11510000
    2184     0.49120000     0.11520000
    2185     0.48949999     0.11520000
    2186     0.48890001     0.11550000
    2187     0.48830000     0.11570000
    2188     0.48769999     0.11600000
    2189     0.48710001     0.11630000
    2190     0.48649999     0.11650000
    2191     0.48590001     0.11650000
    2192     0.48539999     0.11660000
    2193     0.48480001     0.11660000
    2194     0.48420000     0.11660000
    2195     0.48359999     0.11670000
    2196     0.48330000     0.11740000
    2197     0.48300001     0.11810000
    2198     0.48269999     0.11880000
    2199     0.48240000     0.11960000
    2200     0.48210001     0.12030000
    2201     0.48199999     0.12010000
    2202     0.48190001     0.12000000
    2203     0.48179999     0.11990000
    2204     0.48170000     0.11970000
    2205     0.48159999     0.11960000
    2206     0.48159999     0.11910000
    2207     0.48150000     0.11860000
    2208     0.48150000     0.11810000
    2209     0.48150000     0.11760000
    2210     0.48150000     0.11710000
    2211     0.48170000     0.11670000
    2212     0.48179999     0.11630000
    2213     0.48199999     0.11590000
    2214     0.48210001     0.11560000
    2215     0.48230001     0.11520000
    2216     0.48269999     0.11520000
    2217     0.48310000     0.11520000
    2218     0.48359999     0.11510000
    2219     0.48400000     0.11510000
    2220     0.48440000     0.11510000
    2221     0.48490000     0.11510000
    2222     0.48530000     0.11510000
    2223     0.48580000     0.11510000
    2224     0.48620000     0.11510000
    2225     0.48670000     0.11510000
    2226     0.48730001     0.11510000
    2227     0.48789999     0.11510000
    2228     0.48840001     0.11510000
    2229     0.48899999     0.11510000
    2230     0.48960000     0.11510000
    2231     0.49020001     0.11510000
    2232     0.49079999     0.11510000
    2233     0.49140000     0.11510000
    2234     0.49200001     0.11510000
    2235     0.49259999     0.11510000
    2236     0.49239999     0.11510000
    2237     0.49219999     0.11510000
    2238     0.49200001     0.11510000
    2239     0.49190000     0.11510000
    2240     0.49169999     0.11510000
    2241     0.49140000     0.11510000
    2242     0.49110001     0.11510000
    2243     0.49079999     0.11510000
    2244     0.49050000     0.11510000
    2245     0.49020001     0.11510000
    2246     0.49020001     0.11510000
    2247     0.49020001     0.11510000
    2248     0.49020001     0.11510000
    2249     0.49010000     0.11510000
    2250     0.49010000     0.11510000
    2251     0.49010000     0.11500000
    2252     0.49000001     0.11490000
    2253     0.48989999     0.11480000
    2254     0.48980001     0.11480000
    2255     0.48969999     0.11470000
    2256     0.48949999     0.11410000
    2257     0.48930001     0.11340000
    2258     0.48910001     0.11280000
    2259     0.48890001     0.11210000
    2260     0.48870000     0.11150000
    2261     0.48890001     0.11150000
    2262     0.48920000     0.11150000
    2263     0.48940000     0.11140000
    2264     0.48960000     0.11140000
    2265     0.48980001     0.11140000
    2266     0.49000001     0.11110000
    2267     0.49020001     0.11080000
    2268     0.49039999     0.11050000
    2269     0.49059999     0.11020000
    2270     0.49079999     0.10990000
    2271     0.49100000     0.10970000
    2272     0.49120000     0.10950000
    2273     0.49140000     0.10930000
    2274     0.49160001     0.10910000
    2275     0.49180001     0.10890000
    2276     0.49200001     0.10860000
    2277     0.49230000     0.10840000
    2278     0.49250001     0.10820000
    2279     0.49270001     0.10790000
    2280     0.49290001     0.10770000
    2281     0.49259999     0.10740000
    2282     0.49239999     0.10710000
    2283     0.49210000     0.10680000
    2284     0.49190000     0.10640000
    2285     0.49160001     0.10610000
    2286     0.49100000     0.10560000
    2287     0.49039999     0.10510000
    2288     0.48980001     0.10460000
    2289     0.48920000     0.10410000
    2290     0.48859999     0.10360000
    2291     0.48850000     0.10290000
    2292     0.48840001     0.10210000
    2293     0.48830000     0.10130000
    2294     0.48820001     0.10050000
    2295     0.48820001     0.09971000
    2296     0.48789999     0.09941000
    2297     0.48750001     0.09910000
    2298     0.48719999     0.09879000
    2299     0.48690000     0.09849000
    2300     0.48660001     0.09818000
    2301     0.48629999     0.09818000
    2302     0.48600000     0.09818000
    2303     0.48570001     0.09817000
    2304     0.48530000     0.09817000
    2305     0.48500001     0.09817000
    2306     0.48469999     0.09817000
    2307     0.48440000     0.09817000
    2308     0.48410001     0.09816000
    2309     0.48379999     0.09816000
    2310     0.48350000     0.09816000
    2311     0.48320001     0.09809000
    2312     0.48300001     0.09802000
    2313     0.48280001     0.09795000
    2314     0.48249999     0.09788000
    2315     0.48230001     0.09781000
    2316     0.48230001     0.09741000
    2317     0.48230001     0.09700000
    2318     0.48230001     0.09660000
    2319     0.48230001     0.09620000
    2320     0.48230001     0.09580000
    2321     0.48230001     0.09537000
    2322     0.48230001     0.09495000
    2323     0.48230001     0.09453000
    2324     0.48230001     0.09411000
    2325     0.48230001     0.09369000
    2326     0.48220000     0.09319000
    2327     0.48220000     0.09269000
    2328     0.48220000     0.09219000
    2329     0.48220000     0.09169000
    2330     0.48220000     0.09118000
    2331     0.48170000     0.09118000
    2332     0.48130000     0.09118000
    2333     0.48089999     0.09118000
    2334     0.48050001     0.09117000
    2335     0.48010001     0.09117000
    2336     0.47970000     0.09078000
    2337     0.47929999     0.09039000
    2338     0.47889999     0.09000000
    2339     0.47850001     0.08961000
    2340     0.47810000     0.08922000
    2341     0.47780001     0.08888000
    2342     0.47760001     0.08853000
    2343     0.47729999     0.08819000
    2344     0.47710001     0.08785000
    2345     0.47679999     0.08750000
    2346     0.47690001     0.08779000
    2347     0.47700000     0.08808000
    2348     0.47700000     0.08837000
    2349     0.47710001     0.08866000
    2350     0.47720000     0.08895000
    2351     0.47729999     0.08865000
    2352     0.47729999     0.08836000
    2353     0.47740000     0.08807000
    2354     0.47749999     0.08777000
    2355     0.47749999     0.08748000
    2356     0.47760001     0.08680000
    2357     0.47770000     0.08613000
    2358     0.47780001     0.08546000
    2359     0.47790000     0.08478000
    2360     0.47799999     0.08411000
    2361     0.47780001     0.08332000
    2362     0.47770000     0.08254000
    2363     0.47760001     0.08176000
    2364     0.47740000     0.08097000
    2365     0.47729999     0.08019000
    2366     0.47700000     0.08011000
    2367     0.47670001     0.08003000
    2368     0.47650000     0.07995000
    2369     0.47620001     0.07987000
    2370     0.47589999     0.07979000
    2371     0.47560000     0.07946000
    2372     0.47540000     0.07914000
    2373     0.47510001     0.07882000
    2374     0.47479999     0.07849000
    2375     0.47450000     0.07817000
    2376     0.47470000     0.07754000
    2377     0.47479999     0.07691000
    2378     0.47490001     0.07628000
    2379     0.47499999     0.07565000
    2380     0.47520000     0.07502000
    2381     0.47520000     0.07496000
    2382     0.47530001     0.07489000
    2383     0.47540000     0.07483000
    2384     0.47549999     0.07476000
    2385     0.47549999     0.07470000
    2386     0.47520000     0.07394000
    2387     0.47479999     0.07318000
    2388     0.47440001     0.07242000
    2389     0.47400001     0.07167000
    2390     0.47360000     0.07091000
    2391     0.47360000     0.07083000
    2392     0.47350001     0.07074000
    2393     0.47340000     0.07066000
    2394     0.47340000     0.07058000
    2395     0.47330001     0.07050000
    2396     0.47310001     0.07015000
    2397     0.47290000     0.06981000
    2398     0.47270000     0.06946000
    2399     0.47250000     0.06912000
    2400     0.47229999     0.06878000
    2401     0.47180000     0.06878000
    2402     0.47139999     0.06877000
    2403     0.47090000     0.06877000
    2404     0.47040001     0.06877000
    2405     0.46990001     0.06877000
    2406     0.46950001     0.06803000
    2407     0.46910000     0.06730000
    2408     0.46860000     0.06657000
    2409     0.46820000     0.06584000
    2410     0.46779999     0.06511000
    2411     0.46779999     0.06445000
    2412     0.46779999     0.06379000
    2413     0.46779999     0.06313000
    2414     0.46779999     0.06247000
    2415     0.46779999     0.06182000
    2416     0.46779999     0.06167000
    2417     0.46770000     0.06153000
    2418     0.46770000     0.06138000
    2419     0.46770000     0.06124000
    2420     0.46770000     0.06110000
    2421     0.46750000     0.06018000
    2422     0.46730000     0.05927000
    2423     0.46709999     0.05835000
    2424     0.46680000     0.05743000
    2425     0.46660000     0.05652000
    2426     0.46619999     0.05619000
    2427     0.46579999     0.05585000
    2428     0.46529999     0.05552000
    2429     0.46489999     0.05519000
    2430     0.46450001     0.05485000
    2431     0.46399999     0.05485000
    2432     0.46360001     0.05485000
    2433     0.46320000     0.05485000
    2434     0.46270001     0.05484000
    2435     0.46230000     0.05484000
    2436     0.46200001     0.05455000
    2437     0.46160001     0.05425000
    2438     0.46129999     0.05396000
    2439     0.46090001     0.05366000
    2440     0.46059999     0.05337000
    2441     0.46020001     0.05337000
    2442     0.45989999     0.05337000
    2443     0.45950001     0.05336000
    2444     0.45919999     0.05336000
    2445     0.45879999     0.05336000
    2446     0.45850000     0.05316000
    2447     0.45809999     0.05297000
    2448     0.45780000     0.05278000
    2449     0.45739999     0.05258000
    2450     0.45710000     0.05239000
    2451     0.45670000     0.05192000
    2452     0.45640001     0.05145000
    2453     0.45609999     0.05099000
    2454     0.45570001     0.05052000
    2455     0.45539999     0.05005000
    2456     0.45510000     0.04963000
    2457     0.45480001     0.04921000
    2458     0.45449999     0.04878000
    2459     0.45410001     0.04836000
    2460     0.45379999     0.04793000
    2461     0.45350000     0.04777000
    2462     0.45320001     0.04761000
    2463     0.45289999     0.04744000
    2464     0.45260000     0.04728000
    2465     0.45230001     0.04711000
    2466     0.45220000     0.04727000
    2467     0.45210001     0.04743000
    2468     0.45210001     0.04759000
    2469     0.45199999     0.04774000
    2470     0.45190001     0.04790000
    2471     0.45179999     0.04796000
    2472     0.45179999     0.04801000
    2473     0.45170000     0.04807000
    2474     0.45159999     0.04813000
    2475     0.45159999     0.04818000
    2476     0.45130000     0.04833000
    2477     0.45100001     0.04847000
    2478     0.45070001     0.04861000
    2479     0.45050001     0.04876000
    2480     0.45019999     0.04890000
    2481     0.44990000     0.04904000
    2482     0.44970000     0.04919000
    2483     0.44940001     0.04933000
    2484     0.44909999     0.04947000
    2485     0.44880000     0.04962000
    2486     0.44870001     0.04961000
    2487     0.44859999     0.04961000
    2488     0.44850001     0.04961000
    2489     0.44830000     0.04961000
    2490     0.44819999     0.04960000
    2491     0.44819999     0.04960000
    2492     0.44819999     0.04960000
    2493     0.44819999     0.04960000
    2494     0.44819999     0.04959000
    2495     0.44819999     0.04959000
    2496     0.44780001     0.04944000
    2497     0.44749999     0.04930000
    2498     0.44710001     0.04915000
    2499     0.44670001     0.04900000
    2500     0.44639999     0.04885000
