ENVI ASCII Plot File [Wed Mar 28 14:18:35 2012]
Column 1: Band Number
Column 2: #1 X:843 Y:2478~~1
    1.000000  0.265000
    2.000000  0.305000
    3.000000  0.385000
    4.000000  0.415000
    5.000000  0.490000
    6.000000  0.565000
    7.000000  0.640000
    8.000000  0.625000
    9.000000  0.685000
   10.000000  0.695000
   11.000000  0.575000
   12.000000  0.680000
   13.000000  0.510000
   14.000000  0.555000
   15.000000  0.725000
   16.000000  0.650000
   17.000000  0.675000
   18.000000  0.670000
   19.000000  0.660000
   20.000000  0.610000
   21.000000  0.590000
   22.000000  0.570000
   23.000000  0.520000
   24.000000  0.495000
   25.000000  0.430000
   26.000000  0.270000
   27.000000  0.150000
   28.000000  0.135000
   29.000000  0.255000
   30.000000  0.265000
   31.000000  0.260000
   32.000000  0.360000
   33.000000  0.210000
   34.000000  0.345000
   35.000000  0.425000
   36.000000  0.345000
   37.000000  0.330000
   38.000000  0.370000
   39.000000  0.455000
   40.000000  0.620000
   41.000000  0.605000
   42.000000  0.680000
   43.000000  0.735000
   44.000000  0.730000
   45.000000  0.545000
   46.000000  0.730000
   47.000000  0.670000
   48.000000  0.685000
   49.000000  0.745000
   50.000000  0.765000
   51.000000  0.730000
   52.000000  0.680000
   53.000000  0.695000
   54.000000  0.590000
   55.000000  0.560000
   56.000000  0.565000
   57.000000  0.600000
   58.000000  0.480000
   59.000000  0.490000
   60.000000  0.330000
   61.000000  0.215000
   62.000000  0.190000
   63.000000  0.200000
   64.000000  0.240000
   65.000000  0.300000
   66.000000  0.320000
   67.000000  0.350000
   68.000000  0.295000
   69.000000  0.370000
   70.000000  0.335000
   71.000000  0.315000
   72.000000  0.370000
   73.000000  0.365000
   74.000000  0.475000
   75.000000  0.515000
   76.000000  0.520000
   77.000000  0.610000
   78.000000  0.655000
   79.000000  0.655000
   80.000000  0.695000
   81.000000  0.685000
   82.000000  0.665000
   83.000000  0.670000
   84.000000  0.695000
   85.000000  0.730000
   86.000000  0.685000
   87.000000  0.690000
   88.000000  0.645000
   89.000000  0.640000
   90.000000  0.615000
   91.000000  0.560000
   92.000000  0.560000
   93.000000  0.460000
   94.000000  0.440000
   95.000000  0.445000
   96.000000  0.175000
   97.000000  0.165000
   98.000000  0.140000
   99.000000  0.165000
  100.000000  0.245000
  101.000000  0.310000
  102.000000  0.350000
  103.000000  0.285000
  104.000000  0.325000
  105.000000  0.305000
  106.000000  0.285000
  107.000000  0.420000
  108.000000  0.385000
  109.000000  0.390000
  110.000000  0.510000
  111.000000  0.620000
  112.000000  0.635000
  113.000000  0.595000
  114.000000  0.655000
  115.000000  0.620000
  116.000000  0.690000
  117.000000  0.685000
  118.000000  0.685000
  119.000000  0.680000
  120.000000  0.685000
  121.000000  0.660000
  122.000000  0.630000
  123.000000  0.660000
  124.000000  0.625000
  125.000000  0.645000
  126.000000  0.570000
  127.000000  0.500000
  128.000000  0.430000
  129.000000  0.415000
  130.000000  0.390000
  131.000000  0.350000
  132.000000  0.285000
  133.000000  0.185000
  134.000000  0.140000
  135.000000  0.160000
  136.000000  0.190000
  137.000000  0.210000
  138.000000  0.330000
  139.000000  0.335000
  140.000000  0.375000
  141.000000  0.360000
  142.000000  0.325000
  143.000000  0.265000
  144.000000  0.315000
  145.000000  0.350000
  146.000000  0.360000
  147.000000  0.340000
  148.000000  0.445000
  149.000000  0.495000
  150.000000  0.570000
  151.000000  0.630000
  152.000000  0.610000
  153.000000  0.515000
  154.000000  0.650000
  155.000000       NaN
  156.000000  0.685000
  157.000000  0.640000
  158.000000  0.685000
  159.000000  0.700000
  160.000000  0.705000
  161.000000  0.685000
  162.000000  0.520000
  163.000000  0.625000
  164.000000  0.525000
  165.000000  0.480000
  166.000000  0.495000
  167.000000  0.395000
  168.000000  0.330000
  169.000000  0.355000
  170.000000  0.205000
  171.000000  0.205000
  172.000000  0.170000
  173.000000  0.150000
  174.000000  0.255000
  175.000000  0.245000
  176.000000  0.285000
  177.000000  0.320000
  178.000000  0.305000
  179.000000  0.365000
  180.000000  0.280000
  181.000000  0.390000
  182.000000  0.425000
  183.000000  0.370000
  184.000000  0.420000
  185.000000  0.525000
  186.000000  0.580000
  187.000000  0.615000
  188.000000  0.685000
  189.000000  0.675000
  190.000000  0.685000
  191.000000  0.720000
  192.000000  0.745000
  193.000000  0.690000
  194.000000  0.720000
  195.000000  0.735000
  196.000000  0.700000
  197.000000  0.705000
  198.000000  0.685000
  199.000000  0.635000
  200.000000  0.580000
  201.000000  0.570000
  202.000000  0.520000
  203.000000  0.465000
  204.000000  0.400000
  205.000000  0.415000
  206.000000  0.245000
  207.000000  0.170000
  208.000000  0.150000
  209.000000  0.255000
  210.000000  0.215000
  211.000000  0.365000
  212.000000  0.395000
  213.000000  0.450000
  214.000000  0.440000
  215.000000  0.410000
  216.000000  0.410000
  217.000000  0.400000
  218.000000  0.435000
  219.000000  0.440000
  220.000000  0.570000
  221.000000  0.605000
  222.000000  0.635000
  223.000000  0.685000
  224.000000  0.695000
  225.000000  0.695000
  226.000000  0.735000
  227.000000  0.620000
  228.000000  0.670000
  229.000000  0.605000
  230.000000  0.720000
  231.000000  0.670000
  232.000000  0.680000
  233.000000  0.625000
  234.000000  0.690000
  235.000000  0.630000
  236.000000  0.595000
  237.000000  0.570000
  238.000000  0.550000
  239.000000  0.460000
  240.000000  0.420000
  241.000000  0.320000
  242.000000  0.165000
  243.000000  0.155000
  244.000000  0.150000
  245.000000  0.200000
  246.000000  0.240000
  247.000000  0.250000
  248.000000  0.275000
  249.000000  0.310000
  250.000000  0.310000
  251.000000  0.265000
  252.000000  0.315000
  253.000000  0.260000
  254.000000  0.315000
  255.000000  0.475000
  256.000000  0.605000
  257.000000  0.560000
  258.000000  0.675000
  259.000000  0.690000
  260.000000  0.660000
  261.000000  0.625000
  262.000000  0.700000
  263.000000  0.740000
  264.000000  0.675000
  265.000000  0.720000
  266.000000  0.730000
  267.000000  0.690000
  268.000000  0.725000
  269.000000  0.530000
  270.000000  0.655000
  271.000000  0.610000
  272.000000  0.555000
  273.000000  0.515000
  274.000000  0.465000
  275.000000  0.450000
  276.000000  0.190000
  277.000000  0.145000
  278.000000  0.185000
  279.000000  0.230000
  280.000000  0.285000
  281.000000  0.330000
  282.000000  0.375000
  283.000000  0.295000
  284.000000  0.295000
  285.000000  0.360000
  286.000000  0.325000
  287.000000  0.365000
  288.000000  0.355000
  289.000000  0.445000
  290.000000  0.410000
  291.000000  0.565000
  292.000000  0.605000
  293.000000  0.660000
  294.000000  0.705000
  295.000000  0.695000
  296.000000  0.740000
  297.000000  0.735000
  298.000000  0.730000
  299.000000  0.710000
  300.000000  0.740000
  301.000000  0.650000
  302.000000  0.725000
  303.000000  0.720000
  304.000000  0.705000
  305.000000  0.585000
  306.000000  0.640000
  307.000000  0.555000
  308.000000  0.465000
  309.000000  0.430000
  310.000000  0.475000
  311.000000  0.320000
  312.000000  0.285000
  313.000000  0.145000
  314.000000  0.215000
  315.000000  0.230000
  316.000000  0.260000
  317.000000  0.320000
  318.000000  0.300000
  319.000000  0.320000
  320.000000  0.365000
  321.000000  0.385000
  322.000000  0.350000
  323.000000  0.385000
  324.000000  0.360000
  325.000000  0.390000
  326.000000  0.390000
  327.000000  0.435000
  328.000000  0.540000
  329.000000  0.635000
  330.000000  0.565000
  331.000000  0.625000
  332.000000  0.695000
  333.000000  0.680000
  334.000000  0.645000
  335.000000  0.710000
  336.000000  0.720000
  337.000000  0.685000
  338.000000  0.680000
  339.000000  0.730000
  340.000000  0.645000
  341.000000  0.615000
  342.000000  0.635000
  343.000000  0.565000
  344.000000  0.575000
  345.000000  0.505000
  346.000000  0.490000
  347.000000  0.405000
  348.000000  0.405000
  349.000000  0.385000
  350.000000  0.215000
  351.000000  0.190000
  352.000000  0.180000
  353.000000  0.260000
  354.000000  0.310000
  355.000000  0.290000
  356.000000  0.355000
  357.000000  0.325000
  358.000000  0.340000
  359.000000  0.450000
  360.000000  0.485000
  361.000000  0.525000
  362.000000  0.660000
  363.000000  0.670000
  364.000000  0.715000
  365.000000  0.730000
  366.000000  0.715000
  367.000000  0.720000
  368.000000  0.720000
  369.000000  0.715000
  370.000000  0.725000
  371.000000  0.705000
  372.000000  0.700000
  373.000000  0.690000
  374.000000  0.680000
  375.000000  0.720000
  376.000000  0.670000
  377.000000  0.570000
  378.000000  0.590000
  379.000000  0.515000
  380.000000  0.530000
  381.000000  0.490000
  382.000000  0.380000
  383.000000  0.425000
  384.000000  0.285000
  385.000000  0.140000
  386.000000  0.135000
  387.000000  0.235000
  388.000000  0.360000
  389.000000  0.350000
  390.000000  0.370000
  391.000000  0.415000
  392.000000  0.375000
  393.000000  0.370000
  394.000000  0.405000
  395.000000  0.310000
  396.000000  0.415000
  397.000000  0.495000
  398.000000  0.545000
  399.000000  0.565000
  400.000000  0.645000
  401.000000  0.595000
  402.000000  0.670000
  403.000000  0.695000
  404.000000  0.740000
  405.000000  0.705000
  406.000000  0.705000
  407.000000  0.705000
  408.000000  0.680000
  409.000000  0.690000
  410.000000  0.685000
  411.000000  0.685000
  412.000000  0.690000
  413.000000  0.660000
  414.000000  0.630000
  415.000000  0.565000
  416.000000  0.570000
  417.000000  0.465000
  418.000000  0.425000
  419.000000  0.405000
  420.000000  0.320000
  421.000000  0.150000
  422.000000  0.165000
  423.000000  0.195000
  424.000000  0.280000
  425.000000  0.240000
  426.000000  0.310000
  427.000000  0.295000
  428.000000  0.285000
  429.000000  0.365000
  430.000000  0.365000
  431.000000  0.315000
  432.000000  0.345000
  433.000000  0.380000
  434.000000  0.425000
  435.000000  0.520000
  436.000000  0.505000
  437.000000  0.620000
  438.000000  0.675000
  439.000000  0.730000
  440.000000  0.720000
  441.000000  0.650000
  442.000000  0.715000
  443.000000  0.720000
  444.000000  0.660000
  445.000000  0.735000
  446.000000  0.685000
  447.000000  0.695000
  448.000000  0.700000
  449.000000  0.710000
  450.000000  0.675000
  451.000000  0.650000
  452.000000  0.555000
  453.000000  0.580000
  454.000000  0.445000
  455.000000  0.480000
  456.000000  0.455000
  457.000000  0.440000
  458.000000  0.395000
  459.000000  0.265000
  460.000000  0.225000
  461.000000  0.220000
  462.000000  0.195000
  463.000000  0.145000
  464.000000  0.255000
  465.000000  0.265000
  466.000000  0.300000
  467.000000  0.345000
  468.000000  0.340000
  469.000000  0.320000
  470.000000  0.365000
  471.000000  0.395000
  472.000000  0.480000
  473.000000  0.560000
  474.000000  0.670000
  475.000000  0.660000
  476.000000  0.685000
  477.000000  0.610000
  478.000000  0.775000
  479.000000  0.735000
  480.000000  0.740000
  481.000000  0.705000
  482.000000  0.735000
  483.000000  0.690000
  484.000000  0.705000
  485.000000  0.650000
  486.000000  0.695000
  487.000000  0.675000
  488.000000  0.640000
  489.000000  0.590000
