ENVI ASCII Plot File [Wed Mar 28 14:17:21 2012]
Column 1: Band Number
Column 2: #1 X:2619 Y:2797~~1
    1.000000  0.220000
    2.000000  0.215000
    3.000000  0.510000
    4.000000  0.575000
    5.000000  0.390000
    6.000000  0.535000
    7.000000  0.615000
    8.000000  0.110000
    9.000000  0.080000
   10.000000  0.100000
   11.000000  0.240000
   12.000000  0.235000
   13.000000  0.165000
   14.000000  0.175000
   15.000000  0.130000
   16.000000  0.100000
   17.000000  0.150000
   18.000000  0.135000
   19.000000  0.120000
   20.000000  0.165000
   21.000000  0.050000
   22.000000  0.395000
   23.000000  0.530000
   24.000000  0.595000
   25.000000  0.495000
   26.000000  0.440000
   27.000000  0.390000
   28.000000  0.260000
   29.000000  0.215000
   30.000000  0.200000
   31.000000  0.160000
   32.000000  0.155000
   33.000000  0.140000
   34.000000  0.125000
   35.000000  0.165000
   36.000000  0.400000
   37.000000  0.380000
   38.000000  0.395000
   39.000000  0.490000
   40.000000  0.480000
   41.000000  0.385000
   42.000000  0.360000
   43.000000  0.155000
   44.000000  0.200000
   45.000000  0.095000
   46.000000  0.135000
   47.000000  0.080000
   48.000000  0.085000
   49.000000  0.075000
   50.000000  0.030000
   51.000000  0.075000
   52.000000  0.100000
   53.000000  0.095000
   54.000000  0.050000
   55.000000  0.195000
   56.000000  0.460000
   57.000000  0.255000
   58.000000  0.480000
   59.000000  0.440000
   60.000000  0.490000
   61.000000  0.075000
   62.000000  0.425000
   63.000000  0.370000
   64.000000  0.285000
   65.000000  0.220000
   66.000000  0.155000
   67.000000  0.120000
   68.000000  0.105000
   69.000000  0.105000
   70.000000  0.105000
   71.000000  0.080000
   72.000000  0.085000
   73.000000  0.090000
   74.000000  0.305000
   75.000000  0.380000
   76.000000  0.225000
   77.000000  0.310000
   78.000000  0.500000
   79.000000  0.305000
   80.000000  0.320000
   81.000000  0.270000
   82.000000  0.255000
   83.000000  0.170000
   84.000000  0.145000
   85.000000  0.125000
   86.000000  0.105000
   87.000000  0.110000
   88.000000  0.120000
   89.000000  0.100000
   90.000000  0.095000
   91.000000  0.120000
   92.000000  0.200000
   93.000000  0.285000
   94.000000  0.550000
   95.000000  0.590000
   96.000000  0.585000
   97.000000  0.595000
   98.000000  0.480000
   99.000000  0.425000
  100.000000  0.295000
  101.000000  0.180000
  102.000000  0.155000
  103.000000  0.135000
  104.000000  0.135000
  105.000000  0.125000
  106.000000  0.105000
  107.000000  0.100000
  108.000000  0.105000
  109.000000  0.165000
  110.000000  0.155000
  111.000000  0.485000
  112.000000  0.575000
  113.000000  0.430000
  114.000000  0.305000
  115.000000  0.270000
  116.000000  0.020000
  117.000000  0.155000
  118.000000  0.165000
  119.000000  0.120000
  120.000000  0.130000
  121.000000  0.080000
  122.000000  0.065000
  123.000000  0.125000
  124.000000  0.045000
  125.000000  0.110000
  126.000000  0.080000
  127.000000  0.090000
  128.000000  0.080000
  129.000000  0.055000
  130.000000  0.430000
  131.000000  0.460000
  132.000000  0.400000
  133.000000  0.305000
  134.000000  0.195000
  135.000000  0.145000
  136.000000  0.110000
  137.000000  0.115000
  138.000000  0.105000
  139.000000  0.105000
  140.000000  0.090000
  141.000000  0.090000
  142.000000  0.100000
  143.000000  0.080000
  144.000000  0.090000
  145.000000  0.115000
  146.000000  0.155000
  147.000000  0.380000
  148.000000  0.565000
  149.000000  0.555000
  150.000000  0.475000
  151.000000  0.415000
  152.000000  0.240000
  153.000000  0.250000
  154.000000  0.195000
  155.000000       NaN
  156.000000  0.090000
  157.000000  0.130000
  158.000000  0.130000
  159.000000  0.090000
  160.000000  0.105000
  161.000000  0.115000
  162.000000       NaN
  163.000000  0.025000
  164.000000  0.295000
  165.000000  0.525000
  166.000000  0.400000
  167.000000  0.575000
  168.000000  0.560000
  169.000000  0.505000
  170.000000  0.465000
  171.000000  0.370000
  172.000000  0.325000
  173.000000  0.285000
  174.000000  0.185000
  175.000000  0.210000
  176.000000  0.140000
  177.000000  0.140000
  178.000000  0.115000
  179.000000  0.115000
  180.000000  0.120000
  181.000000  0.125000
  182.000000  0.125000
  183.000000  0.390000
  184.000000  0.550000
  185.000000  0.510000
  186.000000  0.405000
  187.000000  0.365000
  188.000000  0.245000
  189.000000  0.215000
  190.000000  0.140000
  191.000000  0.080000
  192.000000  0.090000
  193.000000  0.065000
  194.000000  0.125000
  195.000000  0.100000
  196.000000  0.105000
  197.000000  0.105000
  198.000000  0.105000
  199.000000  0.080000
  200.000000  0.165000
  201.000000  0.165000
  202.000000  0.310000
  203.000000  0.400000
  204.000000  0.490000
  205.000000  0.535000
  206.000000  0.545000
  207.000000  0.525000
  208.000000  0.370000
  209.000000  0.270000
  210.000000  0.290000
  211.000000  0.180000
  212.000000  0.200000
  213.000000  0.160000
  214.000000  0.145000
  215.000000  0.125000
  216.000000  0.115000
  217.000000  0.115000
  218.000000  0.340000
  219.000000  0.430000
  220.000000  0.490000
  221.000000  0.415000
  222.000000  0.280000
  223.000000  0.230000
  224.000000  0.065000
  225.000000  0.140000
  226.000000  0.210000
  227.000000  0.280000
  228.000000  0.265000
  229.000000  0.125000
  230.000000  0.085000
  231.000000  0.140000
  232.000000  0.140000
  233.000000  0.110000
  234.000000  0.100000
  235.000000  0.065000
  236.000000  0.100000
  237.000000  0.565000
  238.000000  0.625000
  239.000000  0.345000
  240.000000  0.680000
  241.000000  0.640000
  242.000000  0.620000
  243.000000  0.560000
  244.000000  0.490000
  245.000000  0.415000
  246.000000  0.340000
  247.000000  0.280000
  248.000000  0.210000
  249.000000  0.175000
  250.000000  0.175000
  251.000000  0.150000
  252.000000  0.140000
  253.000000  0.160000
  254.000000  0.140000
  255.000000  0.375000
  256.000000  0.550000
  257.000000  0.585000
  258.000000  0.580000
  259.000000  0.540000
  260.000000  0.410000
  261.000000  0.295000
  262.000000       NaN
  263.000000  0.215000
  264.000000  0.145000
  265.000000  0.050000
  266.000000  0.135000
  267.000000  0.110000
  268.000000  0.130000
  269.000000  0.095000
  270.000000  0.095000
  271.000000  0.095000
  272.000000  0.105000
  273.000000       NaN
  274.000000  0.455000
  275.000000  0.380000
  276.000000  0.470000
  277.000000  0.405000
  278.000000  0.310000
  279.000000  0.245000
  280.000000  0.145000
  281.000000  0.125000
  282.000000  0.130000
  283.000000  0.130000
  284.000000  0.120000
  285.000000  0.105000
  286.000000  0.100000
  287.000000  0.105000
  288.000000  0.110000
  289.000000  0.275000
  290.000000  0.375000
  291.000000  0.490000
  292.000000  0.555000
  293.000000  0.475000
  294.000000  0.455000
  295.000000  0.240000
  296.000000  0.225000
  297.000000  0.200000
  298.000000  0.160000
  299.000000  0.110000
  300.000000  0.070000
  301.000000  0.120000
  302.000000  0.130000
  303.000000  0.120000
  304.000000  0.110000
  305.000000  0.130000
  306.000000  0.200000
  307.000000       NaN
  308.000000       NaN
  309.000000  0.190000
  310.000000  0.605000
  311.000000  0.650000
  312.000000  0.640000
  313.000000  0.630000
  314.000000  0.625000
  315.000000  0.570000
  316.000000  0.470000
  317.000000  0.385000
  318.000000  0.300000
  319.000000  0.220000
  320.000000  0.190000
  321.000000  0.170000
  322.000000  0.140000
  323.000000  0.125000
  324.000000  0.115000
  325.000000  0.140000
  326.000000  0.185000
  327.000000  0.580000
  328.000000  0.590000
  329.000000  0.450000
  330.000000  0.465000
  331.000000  0.245000
  332.000000  0.225000
  333.000000  0.015000
  334.000000  0.045000
  335.000000  0.105000
  336.000000  0.135000
  337.000000  0.130000
  338.000000  0.065000
  339.000000  0.100000
  340.000000  0.110000
  341.000000  0.040000
  342.000000  0.060000
  343.000000  0.045000
  344.000000  0.270000
  345.000000  0.560000
  346.000000  0.480000
  347.000000  0.450000
  348.000000  0.430000
  349.000000  0.310000
  350.000000  0.190000
  351.000000  0.160000
  352.000000  0.135000
  353.000000  0.140000
  354.000000  0.120000
  355.000000  0.100000
  356.000000  0.110000
  357.000000  0.110000
  358.000000  0.105000
  359.000000  0.090000
  360.000000  0.095000
  361.000000  0.115000
  362.000000  0.135000
  363.000000  0.155000
  364.000000  0.345000
  365.000000  0.315000
  366.000000  0.335000
  367.000000  0.285000
  368.000000  0.145000
  369.000000  0.160000
  370.000000  0.110000
  371.000000       NaN
  372.000000  0.110000
  373.000000  0.020000
  374.000000  0.095000
  375.000000  0.095000
  376.000000  0.110000
  377.000000  0.115000
  378.000000  0.095000
  379.000000  0.040000
  380.000000  0.355000
  381.000000  0.430000
  382.000000  0.470000
  383.000000  0.320000
  384.000000  0.260000
  385.000000  0.140000
  386.000000  0.130000
  387.000000  0.120000
  388.000000  0.105000
  389.000000  0.125000
  390.000000  0.110000
  391.000000  0.120000
  392.000000  0.110000
  393.000000  0.105000
  394.000000  0.110000
  395.000000  0.110000
  396.000000  0.115000
  397.000000  0.110000
  398.000000  0.120000
  399.000000  0.395000
  400.000000  0.490000
  401.000000  0.215000
  402.000000  0.285000
  403.000000  0.210000
  404.000000  0.115000
  405.000000  0.135000
  406.000000  0.050000
  407.000000  0.055000
  408.000000  0.080000
  409.000000  0.055000
  410.000000  0.070000
  411.000000  0.090000
  412.000000  0.075000
  413.000000  0.080000
  414.000000  0.090000
  415.000000  0.095000
  416.000000       NaN
  417.000000  0.510000
  418.000000  0.565000
  419.000000  0.575000
  420.000000  0.545000
  421.000000  0.490000
  422.000000  0.465000
  423.000000  0.360000
  424.000000  0.275000
  425.000000  0.205000
  426.000000  0.165000
  427.000000  0.180000
  428.000000  0.125000
  429.000000  0.140000
  430.000000  0.140000
  431.000000  0.170000
  432.000000  0.395000
  433.000000  0.370000
  434.000000  0.385000
  435.000000  0.490000
  436.000000  0.575000
  437.000000  0.525000
  438.000000  0.455000
  439.000000  0.210000
  440.000000  0.270000
  441.000000  0.190000
  442.000000  0.080000
  443.000000  0.105000
  444.000000  0.120000
  445.000000  0.080000
  446.000000  0.070000
  447.000000  0.095000
  448.000000  0.125000
  449.000000  0.105000
  450.000000  0.100000
  451.000000  0.105000
  452.000000  0.105000
  453.000000  0.255000
  454.000000  0.270000
  455.000000  0.255000
  456.000000  0.180000
  457.000000  0.195000
  458.000000  0.155000
  459.000000  0.130000
  460.000000  0.100000
  461.000000  0.115000
  462.000000  0.125000
  463.000000  0.135000
  464.000000  0.110000
  465.000000  0.105000
  466.000000  0.100000
  467.000000  0.090000
  468.000000  0.100000
  469.000000  0.110000
  470.000000  0.150000
  471.000000  0.325000
  472.000000  0.365000
  473.000000  0.380000
  474.000000  0.385000
  475.000000  0.380000
  476.000000       NaN
  477.000000  0.150000
  478.000000  0.100000
  479.000000  0.050000
  480.000000  0.035000
  481.000000  0.125000
  482.000000  0.085000
  483.000000  0.070000
  484.000000  0.105000
  485.000000  0.100000
  486.000000  0.100000
  487.000000  0.110000
  488.000000  0.355000
  489.000000  0.435000
