ENVI ASCII Plot File [Wed Mar 28 14:21:41 2012]
Column 1: Band Number
Column 2: #1 X:2011 Y:3401~~1
    1.000000  0.655000
    2.000000  0.640000
    3.000000  0.485000
    4.000000  0.680000
    5.000000  0.680000
    6.000000  0.585000
    7.000000  0.650000
    8.000000  0.610000
    9.000000  0.565000
   10.000000  0.475000
   11.000000  0.145000
   12.000000  0.415000
   13.000000  0.435000
   14.000000  0.260000
   15.000000  0.320000
   16.000000  0.300000
   17.000000  0.320000
   18.000000  0.305000
   19.000000  0.220000
   20.000000  0.045000
   21.000000  0.240000
   22.000000  0.235000
   23.000000  0.250000
   24.000000       NaN
   25.000000  0.220000
   26.000000  0.535000
   27.000000  0.455000
   28.000000  0.200000
   29.000000  0.395000
   30.000000  0.325000
   31.000000  0.310000
   32.000000  0.265000
   33.000000  0.280000
   34.000000  0.190000
   35.000000  0.120000
   36.000000  0.295000
   37.000000  0.195000
   38.000000  0.455000
   39.000000  0.510000
   40.000000  0.390000
   41.000000  0.285000
   42.000000  0.365000
   43.000000  0.250000
   44.000000  0.180000
   45.000000  0.120000
   46.000000  0.130000
   47.000000  0.165000
   48.000000  0.115000
   49.000000  0.125000
   50.000000  0.140000
   51.000000  0.115000
   52.000000  0.095000
   53.000000  0.115000
   54.000000  0.110000
   55.000000  0.105000
   56.000000  0.100000
   57.000000  0.130000
   58.000000  0.110000
   59.000000  0.065000
   60.000000  0.175000
   61.000000  0.435000
   62.000000  0.570000
   63.000000  0.580000
   64.000000  0.615000
   65.000000  0.635000
   66.000000  0.610000
   67.000000  0.535000
   68.000000  0.425000
   69.000000  0.445000
   70.000000  0.375000
   71.000000  0.370000
   72.000000  0.270000
   73.000000  0.325000
   74.000000  0.455000
   75.000000  0.415000
   76.000000  0.220000
   77.000000  0.430000
   78.000000  0.355000
   79.000000  0.325000
   80.000000  0.245000
   81.000000  0.260000
   82.000000  0.230000
   83.000000  0.160000
   84.000000  0.185000
   85.000000  0.170000
   86.000000  0.145000
   87.000000  0.150000
   88.000000  0.125000
   89.000000  0.135000
   90.000000  0.095000
   91.000000  0.100000
   92.000000  0.090000
   93.000000  0.125000
   94.000000  0.090000
   95.000000  0.145000
   96.000000  0.335000
   97.000000  0.530000
   98.000000  0.385000
   99.000000  0.615000
  100.000000  0.605000
  101.000000  0.410000
  102.000000  0.605000
  103.000000  0.585000
  104.000000  0.405000
  105.000000  0.015000
  106.000000  0.305000
  107.000000  0.245000
  108.000000  0.240000
  109.000000  0.330000
  110.000000  0.500000
  111.000000  0.465000
  112.000000  0.410000
  113.000000  0.285000
  114.000000  0.270000
  115.000000  0.180000
  116.000000  0.100000
  117.000000  0.170000
  118.000000  0.150000
  119.000000  0.095000
  120.000000  0.100000
  121.000000  0.115000
  122.000000  0.105000
  123.000000  0.080000
  124.000000  0.090000
  125.000000  0.090000
  126.000000  0.080000
  127.000000  0.060000
  128.000000  0.095000
  129.000000  0.085000
  130.000000  0.125000
  131.000000  0.310000
  132.000000  0.315000
  133.000000  0.575000
  134.000000  0.500000
  135.000000  0.670000
  136.000000  0.630000
  137.000000  0.340000
  138.000000  0.565000
  139.000000  0.565000
  140.000000  0.480000
  141.000000  0.280000
  142.000000  0.415000
  143.000000  0.510000
  144.000000  0.580000
  145.000000  0.625000
  146.000000  0.570000
  147.000000  0.470000
  148.000000  0.455000
  149.000000  0.405000
  150.000000  0.320000
  151.000000  0.265000
  152.000000  0.210000
  153.000000  0.220000
  154.000000  0.210000
  155.000000       NaN
  156.000000  0.160000
  157.000000  0.125000
  158.000000  0.110000
  159.000000  0.115000
  160.000000  0.135000
  161.000000  0.105000
  162.000000  0.105000
  163.000000  0.140000
  164.000000  0.135000
  165.000000  0.125000
  166.000000  0.220000
  167.000000       NaN
  168.000000  0.430000
  169.000000       NaN
  170.000000  0.560000
  171.000000  0.575000
  172.000000  0.580000
  173.000000  0.600000
  174.000000  0.485000
  175.000000  0.425000
  176.000000  0.435000
  177.000000  0.360000
  178.000000  0.360000
  179.000000  0.330000
  180.000000  0.290000
  181.000000  0.315000
  182.000000  0.345000
  183.000000  0.435000
  184.000000  0.540000
  185.000000  0.560000
  186.000000  0.555000
  187.000000  0.600000
  188.000000  0.550000
  189.000000  0.300000
  190.000000  0.365000
  191.000000  0.255000
  192.000000  0.120000
  193.000000  0.210000
  194.000000  0.175000
  195.000000  0.150000
  196.000000  0.135000
  197.000000  0.130000
  198.000000  0.105000
  199.000000  0.095000
  200.000000  0.140000
  201.000000  0.100000
  202.000000  0.185000
  203.000000  0.450000
  204.000000  0.510000
  205.000000  0.505000
  206.000000  0.580000
  207.000000  0.520000
  208.000000  0.455000
  209.000000  0.595000
  210.000000  0.620000
  211.000000  0.575000
  212.000000  0.540000
  213.000000  0.605000
  214.000000  0.405000
  215.000000  0.275000
  216.000000  0.255000
  217.000000  0.265000
  218.000000  0.540000
  219.000000  0.520000
  220.000000  0.435000
  221.000000  0.345000
  222.000000  0.230000
  223.000000  0.265000
  224.000000  0.205000
  225.000000  0.105000
  226.000000  0.165000
  227.000000  0.140000
  228.000000  0.155000
  229.000000  0.115000
  230.000000  0.095000
  231.000000  0.125000
  232.000000  0.105000
  233.000000  0.100000
  234.000000  0.095000
  235.000000  0.095000
  236.000000  0.120000
  237.000000  0.105000
  238.000000  0.100000
  239.000000  0.085000
  240.000000  0.295000
  241.000000  0.385000
  242.000000  0.510000
  243.000000  0.490000
  244.000000  0.480000
  245.000000  0.380000
  246.000000  0.395000
  247.000000  0.255000
  248.000000  0.240000
  249.000000  0.200000
  250.000000  0.120000
  251.000000  0.165000
  252.000000  0.195000
  253.000000  0.280000
  254.000000  0.260000
  255.000000  0.345000
  256.000000  0.325000
  257.000000  0.270000
  258.000000  0.115000
  259.000000  0.255000
  260.000000  0.255000
  261.000000  0.225000
  262.000000  0.060000
  263.000000  0.145000
  264.000000  0.085000
  265.000000  0.110000
  266.000000  0.095000
  267.000000  0.115000
  268.000000  0.090000
  269.000000  0.070000
  270.000000  0.090000
  271.000000  0.090000
  272.000000  0.075000
  273.000000  0.085000
  274.000000  0.105000
  275.000000  0.210000
  276.000000  0.300000
  277.000000  0.415000
  278.000000  0.450000
  279.000000  0.305000
  280.000000  0.235000
  281.000000  0.220000
  282.000000  0.185000
  283.000000  0.125000
  284.000000  0.155000
  285.000000  0.120000
  286.000000  0.065000
  287.000000  0.245000
  288.000000  0.095000
  289.000000  0.145000
  290.000000  0.360000
  291.000000  0.315000
  292.000000  0.170000
  293.000000  0.320000
  294.000000       NaN
  295.000000  0.255000
  296.000000  0.145000
  297.000000  0.130000
  298.000000  0.125000
  299.000000  0.100000
  300.000000  0.095000
  301.000000  0.075000
  302.000000  0.105000
  303.000000  0.085000
  304.000000  0.060000
  305.000000  0.075000
  306.000000  0.075000
  307.000000  0.095000
  308.000000  0.050000
  309.000000  0.065000
  310.000000  0.115000
  311.000000  0.250000
  312.000000  0.440000
  313.000000  0.570000
  314.000000  0.665000
  315.000000  0.660000
  316.000000  0.655000
  317.000000  0.690000
  318.000000  0.505000
  319.000000  0.490000
  320.000000  0.455000
  321.000000  0.465000
  322.000000  0.415000
  323.000000  0.365000
  324.000000  0.345000
  325.000000  0.420000
  326.000000  0.360000
  327.000000  0.365000
  328.000000  0.370000
  329.000000  0.305000
  330.000000  0.295000
  331.000000  0.240000
  332.000000  0.215000
  333.000000  0.155000
  334.000000  0.135000
  335.000000  0.130000
  336.000000  0.140000
  337.000000  0.100000
  338.000000  0.145000
  339.000000  0.100000
  340.000000  0.090000
  341.000000  0.125000
  342.000000  0.090000
  343.000000  0.075000
  344.000000  0.095000
  345.000000  0.110000
  346.000000  0.085000
  347.000000  0.180000
  348.000000  0.275000
  349.000000  0.530000
  350.000000  0.580000
  351.000000       NaN
  352.000000  0.600000
  353.000000  0.610000
  354.000000  0.575000
  355.000000  0.520000
  356.000000  0.545000
  357.000000  0.420000
  358.000000  0.370000
  359.000000  0.310000
  360.000000  0.440000
  361.000000  0.410000
  362.000000  0.475000
  363.000000  0.425000
  364.000000  0.350000
  365.000000  0.325000
  366.000000  0.265000
  367.000000  0.235000
  368.000000  0.160000
  369.000000  0.205000
  370.000000  0.165000
  371.000000  0.170000
  372.000000  0.095000
  373.000000       NaN
  374.000000  0.115000
  375.000000  0.130000
  376.000000  0.130000
  377.000000  0.095000
  378.000000  0.110000
  379.000000  0.105000
  380.000000  0.100000
  381.000000  0.100000
  382.000000  0.100000
  383.000000  0.205000
  384.000000  0.315000
  385.000000  0.345000
  386.000000  0.325000
  387.000000       NaN
  388.000000  0.230000
  389.000000  0.190000
  390.000000  0.225000
  391.000000       NaN
  392.000000  0.205000
  393.000000  0.115000
  394.000000  0.135000
  395.000000  0.135000
  396.000000  0.105000
  397.000000  0.115000
  398.000000  0.065000
  399.000000  0.100000
  400.000000  0.105000
  401.000000  0.075000
  402.000000  0.095000
  403.000000  0.090000
  404.000000  0.075000
  405.000000  0.075000
  406.000000  0.080000
  407.000000  0.105000
  408.000000  0.075000
  409.000000  0.075000
  410.000000  0.070000
  411.000000  0.075000
  412.000000  0.070000
  413.000000  0.065000
  414.000000  0.075000
  415.000000  0.085000
  416.000000  0.070000
  417.000000  0.080000
  418.000000  0.135000
  419.000000  0.085000
  420.000000  0.115000
  421.000000  0.355000
  422.000000  0.345000
  423.000000  0.340000
  424.000000  0.440000
  425.000000  0.515000
  426.000000  0.435000
  427.000000  0.280000
  428.000000  0.310000
  429.000000  0.240000
  430.000000  0.385000
  431.000000  0.240000
  432.000000  0.525000
  433.000000  0.495000
  434.000000  0.525000
  435.000000  0.530000
  436.000000  0.465000
  437.000000  0.405000
  438.000000  0.470000
  439.000000  0.355000
  440.000000  0.270000
  441.000000  0.215000
  442.000000  0.260000
  443.000000       NaN
  444.000000  0.175000
  445.000000  0.145000
  446.000000  0.165000
  447.000000  0.050000
  448.000000  0.140000
  449.000000  0.125000
  450.000000  0.170000
  451.000000  0.115000
  452.000000  0.120000
  453.000000  0.120000
  454.000000  0.030000
  455.000000  0.410000
  456.000000  0.310000
  457.000000  0.380000
  458.000000  0.530000
  459.000000  0.345000
  460.000000  0.275000
  461.000000  0.230000
  462.000000  0.260000
  463.000000  0.290000
  464.000000  0.295000
  465.000000  0.245000
  466.000000  0.225000
  467.000000  0.305000
  468.000000  0.315000
  469.000000       NaN
  470.000000  0.135000
  471.000000  0.155000
  472.000000  0.160000
  473.000000  0.050000
  474.000000  0.115000
  475.000000  0.125000
  476.000000  0.100000
  477.000000  0.090000
  478.000000  0.085000
  479.000000  0.095000
  480.000000  0.070000
  481.000000  0.080000
  482.000000  0.045000
  483.000000  0.080000
  484.000000       NaN
  485.000000  0.075000
  486.000000  0.080000
  487.000000  0.065000
  488.000000  0.040000
  489.000000  0.105000
