ENVI ASCII Plot File [Wed Mar 28 14:20:44 2012]
Column 1: Band Number
Column 2: #1 X:1770 Y:3288~~1
    1.000000  0.360000
    2.000000  0.465000
    3.000000  0.085000
    4.000000  0.360000
    5.000000  0.405000
    6.000000  0.300000
    7.000000  0.475000
    8.000000  0.360000
    9.000000  0.185000
   10.000000  0.325000
   11.000000  0.110000
   12.000000  0.030000
   13.000000  0.090000
   14.000000  0.135000
   15.000000  0.115000
   16.000000  0.135000
   17.000000  0.125000
   18.000000  0.105000
   19.000000  0.105000
   20.000000  0.095000
   21.000000  0.085000
   22.000000  0.065000
   23.000000  0.075000
   24.000000  0.045000
   25.000000  0.065000
   26.000000  0.080000
   27.000000  0.065000
   28.000000  0.070000
   29.000000  0.100000
   30.000000  0.150000
   31.000000  0.105000
   32.000000  0.120000
   33.000000  0.100000
   34.000000  0.060000
   35.000000  0.145000
   36.000000  0.255000
   37.000000  0.275000
   38.000000  0.285000
   39.000000  0.205000
   40.000000  0.180000
   41.000000  0.180000
   42.000000  0.130000
   43.000000  0.075000
   44.000000  0.085000
   45.000000  0.060000
   46.000000  0.065000
   47.000000  0.065000
   48.000000  0.055000
   49.000000  0.055000
   50.000000  0.025000
   51.000000  0.055000
   52.000000  0.055000
   53.000000  0.085000
   54.000000  0.055000
   55.000000  0.055000
   56.000000  0.055000
   57.000000  0.060000
   58.000000  0.060000
   59.000000  0.025000
   60.000000  0.015000
   61.000000  0.215000
   62.000000  0.220000
   63.000000  0.155000
   64.000000  0.150000
   65.000000  0.105000
   66.000000  0.110000
   67.000000  0.100000
   68.000000  0.080000
   69.000000  0.085000
   70.000000  0.070000
   71.000000  0.070000
   72.000000  0.080000
   73.000000  0.045000
   74.000000  0.065000
   75.000000  0.065000
   76.000000  0.055000
   77.000000  0.065000
   78.000000  0.105000
   79.000000  0.130000
   80.000000  0.060000
   81.000000  0.080000
   82.000000  0.085000
   83.000000  0.045000
   84.000000  0.050000
   85.000000  0.060000
   86.000000  0.050000
   87.000000  0.055000
   88.000000  0.055000
   89.000000  0.045000
   90.000000  0.025000
   91.000000  0.035000
   92.000000  0.040000
   93.000000  0.045000
   94.000000  0.030000
   95.000000  0.015000
   96.000000  0.095000
   97.000000  0.190000
   98.000000  0.430000
   99.000000  0.360000
  100.000000  0.320000
  101.000000  0.465000
  102.000000  0.555000
  103.000000  0.560000
  104.000000  0.530000
  105.000000  0.375000
  106.000000  0.250000
  107.000000  0.200000
  108.000000  0.155000
  109.000000  0.235000
  110.000000  0.370000
  111.000000  0.355000
  112.000000  0.460000
  113.000000  0.365000
  114.000000  0.270000
  115.000000  0.315000
  116.000000  0.225000
  117.000000  0.210000
  118.000000  0.130000
  119.000000  0.115000
  120.000000  0.105000
  121.000000  0.110000
  122.000000  0.115000
  123.000000  0.090000
  124.000000  0.085000
  125.000000  0.090000
  126.000000  0.070000
  127.000000  0.055000
  128.000000  0.065000
  129.000000  0.050000
  130.000000  0.065000
  131.000000  0.075000
  132.000000  0.060000
  133.000000  0.065000
  134.000000  0.065000
  135.000000  0.055000
  136.000000  0.090000
  137.000000  0.220000
  138.000000  0.410000
  139.000000  0.415000
  140.000000  0.310000
  141.000000  0.320000
  142.000000  0.285000
  143.000000  0.380000
  144.000000  0.385000
  145.000000  0.270000
  146.000000  0.150000
  147.000000  0.180000
  148.000000  0.290000
  149.000000  0.385000
  150.000000  0.480000
  151.000000  0.470000
  152.000000  0.355000
  153.000000  0.235000
  154.000000  0.230000
  155.000000       NaN
  156.000000  0.170000
  157.000000  0.080000
  158.000000  0.115000
  159.000000  0.080000
  160.000000  0.090000
  161.000000  0.095000
  162.000000  0.065000
  163.000000  0.055000
  164.000000  0.065000
  165.000000  0.045000
  166.000000  0.040000
  167.000000  0.095000
  168.000000  0.125000
  169.000000  0.080000
  170.000000  0.080000
  171.000000  0.250000
  172.000000  0.400000
  173.000000  0.410000
  174.000000  0.365000
  175.000000  0.310000
  176.000000  0.245000
  177.000000  0.175000
  178.000000  0.170000
  179.000000  0.125000
  180.000000  0.120000
  181.000000  0.240000
  182.000000  0.035000
  183.000000  0.225000
  184.000000  0.440000
  185.000000  0.315000
  186.000000  0.345000
  187.000000  0.490000
  188.000000  0.400000
  189.000000  0.365000
  190.000000  0.330000
  191.000000  0.220000
  192.000000  0.195000
  193.000000  0.170000
  194.000000  0.105000
  195.000000  0.085000
  196.000000  0.135000
  197.000000  0.130000
  198.000000  0.135000
  199.000000  0.110000
  200.000000  0.100000
  201.000000  0.090000
  202.000000  0.085000
  203.000000  0.090000
  204.000000  0.080000
  205.000000  0.060000
  206.000000  0.085000
  207.000000  0.065000
  208.000000  0.060000
  209.000000  0.085000
  210.000000  0.145000
  211.000000  0.110000
  212.000000  0.125000
  213.000000  0.155000
  214.000000  0.095000
  215.000000  0.275000
  216.000000  0.260000
  217.000000  0.210000
  218.000000  0.350000
  219.000000  0.335000
  220.000000  0.410000
  221.000000  0.425000
  222.000000  0.395000
  223.000000  0.345000
  224.000000  0.255000
  225.000000  0.205000
  226.000000  0.160000
  227.000000  0.115000
  228.000000  0.095000
  229.000000  0.110000
  230.000000  0.105000
  231.000000  0.100000
  232.000000  0.095000
  233.000000  0.080000
  234.000000  0.090000
  235.000000  0.095000
  236.000000  0.075000
  237.000000  0.010000
  238.000000       NaN
  239.000000  0.080000
  240.000000  0.105000
  241.000000  0.090000
  242.000000  0.120000
  243.000000  0.105000
  244.000000  0.135000
  245.000000  0.100000
  246.000000  0.100000
  247.000000  0.195000
  248.000000  0.170000
  249.000000  0.120000
  250.000000  0.125000
  251.000000  0.105000
  252.000000  0.235000
  253.000000  0.200000
  254.000000  0.340000
  255.000000  0.220000
  256.000000  0.175000
  257.000000  0.260000
  258.000000       NaN
  259.000000       NaN
  260.000000  0.330000
  261.000000       NaN
  262.000000  0.130000
  263.000000  0.180000
  264.000000  0.055000
  265.000000  0.095000
  266.000000  0.110000
  267.000000  0.105000
  268.000000  0.080000
  269.000000  0.070000
  270.000000  0.070000
  271.000000  0.080000
  272.000000  0.060000
  273.000000  0.065000
  274.000000  0.070000
  275.000000  0.080000
  276.000000  0.065000
  277.000000  0.055000
  278.000000  0.060000
  279.000000  0.045000
  280.000000  0.040000
  281.000000  0.050000
  282.000000  0.060000
  283.000000  0.055000
  284.000000  0.060000
  285.000000  0.050000
  286.000000  0.180000
  287.000000  0.195000
  288.000000  0.410000
  289.000000  0.390000
  290.000000  0.510000
  291.000000  0.515000
  292.000000  0.485000
  293.000000  0.535000
  294.000000  0.555000
  295.000000  0.425000
  296.000000  0.290000
  297.000000  0.275000
  298.000000  0.130000
  299.000000  0.105000
  300.000000  0.095000
  301.000000  0.125000
  302.000000  0.155000
  303.000000  0.100000
  304.000000  0.100000
  305.000000  0.125000
  306.000000  0.095000
  307.000000  0.095000
  308.000000  0.075000
  309.000000  0.090000
  310.000000  0.070000
  311.000000       NaN
  312.000000  0.210000
  313.000000  0.470000
  314.000000  0.420000
  315.000000  0.495000
  316.000000  0.590000
  317.000000  0.565000
  318.000000  0.500000
  319.000000  0.540000
  320.000000  0.495000
  321.000000  0.485000
  322.000000  0.440000
  323.000000  0.415000
  324.000000  0.445000
  325.000000  0.315000
  326.000000  0.050000
  327.000000  0.410000
  328.000000  0.275000
  329.000000  0.280000
  330.000000  0.285000
  331.000000  0.265000
  332.000000  0.355000
  333.000000  0.335000
  334.000000  0.310000
  335.000000  0.185000
  336.000000  0.190000
  337.000000  0.220000
  338.000000  0.195000
  339.000000  0.150000
  340.000000  0.175000
  341.000000  0.135000
  342.000000  0.105000
  343.000000  0.075000
  344.000000  0.105000
  345.000000  0.075000
  346.000000  0.075000
  347.000000  0.065000
  348.000000  0.075000
  349.000000  0.070000
  350.000000  0.105000
  351.000000  0.225000
  352.000000  0.185000
  353.000000  0.100000
  354.000000  0.215000
  355.000000  0.275000
  356.000000  0.305000
  357.000000  0.355000
  358.000000  0.320000
  359.000000  0.225000
  360.000000  0.095000
  361.000000  0.365000
  362.000000  0.320000
  363.000000       NaN
  364.000000  0.340000
  365.000000  0.225000
  366.000000  0.220000
  367.000000  0.195000
  368.000000  0.125000
  369.000000  0.120000
  370.000000  0.100000
  371.000000  0.070000
  372.000000  0.085000
  373.000000  0.065000
  374.000000  0.045000
  375.000000  0.075000
  376.000000  0.075000
  377.000000  0.070000
  378.000000  0.070000
  379.000000  0.045000
  380.000000  0.065000
  381.000000  0.180000
  382.000000  0.195000
  383.000000  0.305000
  384.000000  0.200000
  385.000000  0.165000
  386.000000  0.135000
  387.000000  0.095000
  388.000000  0.100000
  389.000000  0.105000
  390.000000  0.085000
  391.000000  0.100000
  392.000000  0.085000
  393.000000  0.085000
  394.000000  0.055000
  395.000000  0.065000
  396.000000  0.095000
  397.000000  0.070000
  398.000000  0.065000
  399.000000  0.080000
  400.000000  0.090000
  401.000000  0.120000
  402.000000  0.225000
  403.000000  0.245000
  404.000000  0.175000
  405.000000  0.095000
  406.000000  0.090000
  407.000000  0.085000
  408.000000  0.075000
  409.000000  0.055000
  410.000000  0.050000
  411.000000  0.050000
  412.000000  0.060000
  413.000000  0.070000
  414.000000  0.060000
  415.000000  0.050000
  416.000000  0.050000
  417.000000  0.025000
  418.000000  0.055000
  419.000000  0.075000
  420.000000  0.060000
  421.000000  0.055000
  422.000000  0.045000
  423.000000  0.070000
  424.000000  0.275000
  425.000000  0.320000
  426.000000  0.315000
  427.000000  0.175000
  428.000000  0.160000
  429.000000       NaN
  430.000000  0.350000
  431.000000  0.260000
  432.000000  0.340000
  433.000000  0.430000
  434.000000  0.335000
  435.000000  0.225000
  436.000000  0.160000
  437.000000  0.315000
  438.000000  0.395000
  439.000000  0.285000
  440.000000  0.175000
  441.000000  0.240000
  442.000000  0.140000
  443.000000  0.130000
  444.000000  0.120000
  445.000000  0.085000
  446.000000  0.090000
  447.000000  0.070000
  448.000000  0.060000
  449.000000  0.050000
  450.000000  0.085000
  451.000000  0.050000
  452.000000  0.060000
  453.000000  0.070000
  454.000000  0.025000
  455.000000  0.055000
  456.000000  0.055000
  457.000000  0.065000
  458.000000  0.110000
  459.000000  0.155000
  460.000000  0.140000
  461.000000  0.090000
  462.000000  0.095000
  463.000000  0.080000
  464.000000  0.125000
  465.000000  0.205000
  466.000000  0.090000
  467.000000  0.075000
  468.000000  0.190000
  469.000000  0.260000
  470.000000  0.185000
  471.000000  0.125000
  472.000000  0.080000
  473.000000  0.090000
  474.000000  0.090000
  475.000000  0.065000
  476.000000  0.085000
  477.000000  0.080000
  478.000000  0.095000
  479.000000  0.065000
  480.000000  0.085000
  481.000000  0.035000
  482.000000  0.145000
  483.000000  0.150000
  484.000000  0.180000
  485.000000  0.125000
  486.000000  0.120000
  487.000000  0.130000
  488.000000  0.110000
  489.000000  0.140000
