ENVI ASCII Plot File [Wed Mar 28 14:19:35 2012]
Column 1: Band Number
Column 2: #1 X:2027 Y:3420~~1
    1.000000  0.585000
    2.000000  0.585000
    3.000000  0.585000
    4.000000  0.540000
    5.000000  0.540000
    6.000000  0.545000
    7.000000  0.310000
    8.000000  0.415000
    9.000000  0.405000
   10.000000  0.285000
   11.000000  0.200000
   12.000000  0.220000
   13.000000  0.230000
   14.000000  0.150000
   15.000000  0.180000
   16.000000  0.185000
   17.000000  0.130000
   18.000000  0.175000
   19.000000  0.125000
   20.000000  0.080000
   21.000000  0.130000
   22.000000  0.160000
   23.000000  0.125000
   24.000000  0.070000
   25.000000  0.305000
   26.000000  0.485000
   27.000000  0.485000
   28.000000  0.490000
   29.000000  0.520000
   30.000000  0.485000
   31.000000  0.390000
   32.000000  0.280000
   33.000000  0.305000
   34.000000  0.185000
   35.000000  0.255000
   36.000000  0.330000
   37.000000  0.485000
   38.000000  0.550000
   39.000000  0.605000
   40.000000  0.555000
   41.000000  0.465000
   42.000000  0.440000
   43.000000  0.290000
   44.000000  0.255000
   45.000000  0.205000
   46.000000  0.185000
   47.000000  0.185000
   48.000000  0.135000
   49.000000  0.145000
   50.000000  0.140000
   51.000000  0.180000
   52.000000  0.115000
   53.000000  0.130000
   54.000000  0.110000
   55.000000  0.105000
   56.000000  0.100000
   57.000000  0.110000
   58.000000  0.120000
   59.000000  0.060000
   60.000000  0.180000
   61.000000  0.465000
   62.000000  0.510000
   63.000000  0.605000
   64.000000  0.575000
   65.000000  0.615000
   66.000000  0.580000
   67.000000  0.475000
   68.000000  0.370000
   69.000000  0.385000
   70.000000  0.245000
   71.000000  0.295000
   72.000000  0.255000
   73.000000  0.240000
   74.000000  0.395000
   75.000000  0.425000
   76.000000  0.365000
   77.000000  0.455000
   78.000000  0.320000
   79.000000  0.340000
   80.000000  0.215000
   81.000000  0.270000
   82.000000  0.210000
   83.000000  0.205000
   84.000000  0.155000
   85.000000  0.205000
   86.000000  0.195000
   87.000000  0.130000
   88.000000  0.120000
   89.000000  0.085000
   90.000000  0.080000
   91.000000  0.085000
   92.000000  0.060000
   93.000000  0.105000
   94.000000  0.035000
   95.000000  0.040000
   96.000000  0.260000
   97.000000  0.360000
   98.000000  0.430000
   99.000000  0.575000
  100.000000  0.550000
  101.000000  0.470000
  102.000000  0.560000
  103.000000  0.575000
  104.000000  0.490000
  105.000000  0.280000
  106.000000  0.255000
  107.000000  0.230000
  108.000000  0.200000
  109.000000  0.195000
  110.000000  0.445000
  111.000000  0.375000
  112.000000  0.410000
  113.000000  0.330000
  114.000000  0.265000
  115.000000  0.205000
  116.000000  0.075000
  117.000000  0.185000
  118.000000  0.140000
  119.000000  0.100000
  120.000000  0.120000
  121.000000  0.120000
  122.000000  0.105000
  123.000000  0.090000
  124.000000  0.085000
  125.000000  0.095000
  126.000000  0.075000
  127.000000  0.040000
  128.000000  0.090000
  129.000000  0.085000
  130.000000  0.105000
  131.000000  0.080000
  132.000000       NaN
  133.000000  0.350000
  134.000000  0.390000
  135.000000  0.420000
  136.000000  0.595000
  137.000000  0.505000
  138.000000  0.570000
  139.000000  0.570000
  140.000000  0.440000
  141.000000  0.335000
  142.000000  0.360000
  143.000000  0.475000
  144.000000  0.580000
  145.000000  0.555000
  146.000000  0.450000
  147.000000  0.470000
  148.000000  0.410000
  149.000000  0.330000
  150.000000  0.250000
  151.000000  0.240000
  152.000000  0.215000
  153.000000  0.180000
  154.000000  0.150000
  155.000000       NaN
  156.000000  0.130000
  157.000000  0.115000
  158.000000  0.105000
  159.000000  0.100000
  160.000000  0.105000
  161.000000  0.090000
  162.000000  0.090000
  163.000000  0.080000
  164.000000  0.075000
  165.000000  0.080000
  166.000000  0.145000
  167.000000  0.170000
  168.000000  0.200000
  169.000000  0.220000
  170.000000  0.425000
  171.000000  0.540000
  172.000000  0.500000
  173.000000  0.525000
  174.000000  0.410000
  175.000000  0.280000
  176.000000  0.220000
  177.000000  0.165000
  178.000000  0.165000
  179.000000  0.175000
  180.000000  0.135000
  181.000000  0.225000
  182.000000  0.305000
  183.000000  0.335000
  184.000000  0.440000
  185.000000  0.515000
  186.000000  0.465000
  187.000000  0.500000
  188.000000  0.380000
  189.000000  0.360000
  190.000000  0.215000
  191.000000  0.215000
  192.000000  0.160000
  193.000000  0.135000
  194.000000  0.135000
  195.000000  0.110000
  196.000000  0.105000
  197.000000  0.110000
  198.000000  0.105000
  199.000000  0.105000
  200.000000  0.080000
  201.000000  0.110000
  202.000000  0.165000
  203.000000  0.265000
  204.000000  0.315000
  205.000000  0.360000
  206.000000  0.420000
  207.000000  0.345000
  208.000000  0.315000
  209.000000  0.450000
  210.000000  0.485000
  211.000000  0.470000
  212.000000  0.465000
  213.000000  0.405000
  214.000000  0.290000
  215.000000  0.200000
  216.000000  0.235000
  217.000000  0.285000
  218.000000  0.375000
  219.000000  0.380000
  220.000000  0.275000
  221.000000  0.200000
  222.000000       NaN
  223.000000  0.190000
  224.000000  0.145000
  225.000000  0.085000
  226.000000  0.155000
  227.000000  0.130000
  228.000000  0.140000
  229.000000  0.105000
  230.000000       NaN
  231.000000  0.105000
  232.000000  0.095000
  233.000000  0.075000
  234.000000  0.085000
  235.000000  0.090000
  236.000000  0.095000
  237.000000  0.110000
  238.000000  0.100000
  239.000000  0.075000
  240.000000  0.075000
  241.000000  0.075000
  242.000000  0.355000
  243.000000  0.405000
  244.000000  0.365000
  245.000000  0.350000
  246.000000  0.295000
  247.000000  0.310000
  248.000000  0.320000
  249.000000  0.245000
  250.000000  0.205000
  251.000000  0.175000
  252.000000  0.180000
  253.000000  0.215000
  254.000000  0.235000
  255.000000  0.260000
  256.000000  0.165000
  257.000000  0.165000
  258.000000  0.100000
  259.000000  0.130000
  260.000000  0.090000
  261.000000  0.125000
  262.000000  0.070000
  263.000000  0.105000
  264.000000  0.060000
  265.000000  0.085000
  266.000000  0.065000
  267.000000  0.065000
  268.000000  0.050000
  269.000000  0.070000
  270.000000  0.065000
  271.000000  0.075000
  272.000000  0.065000
  273.000000  0.060000
  274.000000  0.070000
  275.000000  0.170000
  276.000000  0.145000
  277.000000  0.370000
  278.000000  0.390000
  279.000000  0.235000
  280.000000  0.180000
  281.000000  0.145000
  282.000000  0.265000
  283.000000  0.230000
  284.000000  0.215000
  285.000000  0.150000
  286.000000  0.120000
  287.000000  0.185000
  288.000000  0.165000
  289.000000  0.095000
  290.000000  0.125000
  291.000000  0.130000
  292.000000  0.140000
  293.000000  0.195000
  294.000000  0.160000
  295.000000  0.175000
  296.000000  0.095000
  297.000000  0.130000
  298.000000  0.095000
  299.000000  0.090000
  300.000000  0.085000
  301.000000  0.060000
  302.000000  0.080000
  303.000000  0.080000
  304.000000  0.050000
  305.000000  0.050000
  306.000000  0.055000
  307.000000  0.045000
  308.000000  0.045000
  309.000000  0.050000
  310.000000  0.060000
  311.000000  0.295000
  312.000000  0.355000
  313.000000  0.505000
  314.000000  0.610000
  315.000000  0.650000
  316.000000  0.680000
  317.000000  0.655000
  318.000000  0.575000
  319.000000  0.460000
  320.000000  0.435000
  321.000000  0.425000
  322.000000  0.365000
  323.000000  0.285000
  324.000000  0.255000
  325.000000  0.375000
  326.000000  0.400000
  327.000000  0.380000
  328.000000  0.350000
  329.000000  0.335000
  330.000000  0.340000
  331.000000  0.225000
  332.000000  0.225000
  333.000000  0.205000
  334.000000  0.175000
  335.000000  0.155000
  336.000000  0.125000
  337.000000  0.110000
  338.000000  0.100000
  339.000000  0.105000
  340.000000  0.090000
  341.000000  0.115000
  342.000000  0.100000
  343.000000  0.085000
  344.000000  0.090000
  345.000000  0.105000
  346.000000  0.080000
  347.000000  0.120000
  348.000000       NaN
  349.000000  0.525000
  350.000000  0.545000
  351.000000  0.615000
  352.000000  0.635000
  353.000000  0.625000
  354.000000  0.635000
  355.000000  0.570000
  356.000000  0.400000
  357.000000  0.275000
  358.000000  0.290000
  359.000000  0.215000
  360.000000  0.285000
  361.000000  0.355000
  362.000000  0.445000
  363.000000  0.400000
  364.000000       NaN
  365.000000  0.295000
  366.000000  0.185000
  367.000000  0.215000
  368.000000  0.110000
  369.000000  0.185000
  370.000000  0.155000
  371.000000  0.145000
  372.000000  0.115000
  373.000000  0.120000
  374.000000  0.085000
  375.000000  0.110000
  376.000000  0.105000
  377.000000  0.095000
  378.000000  0.105000
  379.000000  0.100000
  380.000000  0.085000
  381.000000  0.090000
  382.000000  0.045000
  383.000000  0.205000
  384.000000  0.325000
  385.000000  0.280000
  386.000000  0.280000
  387.000000  0.105000
  388.000000  0.170000
  389.000000  0.135000
  390.000000  0.135000
  391.000000       NaN
  392.000000  0.330000
  393.000000  0.210000
  394.000000  0.185000
  395.000000  0.110000
  396.000000  0.135000
  397.000000  0.135000
  398.000000       NaN
  399.000000  0.095000
  400.000000  0.150000
  401.000000  0.090000
  402.000000  0.115000
  403.000000  0.100000
  404.000000  0.080000
  405.000000  0.065000
  406.000000  0.070000
  407.000000  0.075000
  408.000000  0.065000
  409.000000  0.070000
  410.000000  0.050000
  411.000000  0.045000
  412.000000  0.050000
  413.000000  0.055000
  414.000000  0.075000
  415.000000  0.055000
  416.000000  0.045000
  417.000000  0.065000
  418.000000  0.085000
  419.000000  0.085000
  420.000000  0.155000
  421.000000  0.175000
  422.000000  0.240000
  423.000000  0.235000
  424.000000  0.370000
  425.000000  0.530000
  426.000000  0.450000
  427.000000  0.390000
  428.000000  0.260000
  429.000000  0.215000
  430.000000  0.220000
  431.000000  0.300000
  432.000000  0.525000
  433.000000  0.530000
  434.000000  0.505000
  435.000000  0.475000
  436.000000  0.365000
  437.000000  0.375000
  438.000000  0.275000
  439.000000  0.270000
  440.000000  0.195000
  441.000000  0.190000
  442.000000  0.200000
  443.000000  0.165000
  444.000000  0.145000
  445.000000  0.105000
  446.000000  0.125000
  447.000000  0.115000
  448.000000  0.130000
  449.000000  0.105000
  450.000000  0.140000
  451.000000  0.100000
  452.000000  0.100000
  453.000000  0.115000
  454.000000  0.085000
  455.000000  0.215000
  456.000000  0.285000
  457.000000  0.380000
  458.000000  0.580000
  459.000000       NaN
  460.000000  0.450000
  461.000000  0.340000
  462.000000  0.400000
  463.000000  0.270000
  464.000000  0.275000
  465.000000  0.280000
  466.000000  0.260000
  467.000000  0.350000
  468.000000  0.360000
  469.000000  0.495000
  470.000000  0.440000
  471.000000  0.330000
  472.000000  0.310000
  473.000000  0.245000
  474.000000  0.260000
  475.000000  0.230000
  476.000000  0.170000
  477.000000  0.115000
  478.000000  0.120000
  479.000000  0.135000
  480.000000  0.120000
  481.000000  0.100000
  482.000000  0.085000
  483.000000  0.100000
  484.000000  0.080000
  485.000000  0.085000
  486.000000  0.080000
  487.000000  0.085000
  488.000000  0.035000
  489.000000  0.080000
