Wl	avg med mob 10
196.96	30.24161071
197.2	27.46607505
197.44	27.44023778
197.68	27.44091346
197.92	27.11685896
198.16	27.02573009
198.4	27.07331455
198.64	27.25978229
198.88	26.74747765
199.12	26.67146325
199.36	-0.225190395
199.6	-0.030393479
199.84	0.046464711
200.08	-0.047312737
200.32	-0.172186433
200.56	0.048671477
200.8	0.200066539
201.04	0.138490747
201.28	0.136387482
201.52	0.213377068
201.76	0.175060795
202	0.435267039
202.24	0.433769073
202.48	0.443792063
202.72	0.530517117
202.96	0.584970577
203.2	0.57367924
203.44	0.543189091
203.68	0.519285291
203.92	0.49500369
204.16	0.423055316
204.4	0.478925278
204.64	0.505488282
204.88	0.511597456
205.12	0.489365915
205.36	0.483856604
205.6	0.474209181
205.84	0.446196758
206.08	0.474378212
206.32	0.504578277
206.56	0.516158834
206.8	0.506542255
207.04	0.483409158
207.28	0.417192789
207.52	0.417718775
207.76	0.417304205
208	0.421571121
208.24	0.472544746
208.48	0.522922834
208.72	0.505167095
208.96	0.480582696
209.2	0.470749752
209.44	0.463558588
209.68	0.467098527
209.92	0.524855467
210.16	0.515390322
210.4	0.514428487
210.64	0.532380846
210.88	0.501463928
211.12	0.50820747
211.36	0.527852597
211.6	0.532158915
211.84	0.535635465
212.08	0.542102298
212.32	0.557817619
212.56	0.574351945
212.8	0.589709841
213.04	0.580626506
213.28	0.52426015
213.52	0.5202955
213.76	0.520811738
214	0.525930973
214.24	0.535727483
214.48	0.551622049
214.72	0.56543856
214.96	0.616091755
215.2	0.592306809
215.44	0.51413014
215.68	0.549440314
215.92	0.60251644
216.16	0.624716322
216.4	0.605856991
216.64	0.56862188
216.88	0.551925952
217.12	0.515961806
217.36	0.641942922
217.6	0.665533088
217.84	0.722671782
218.08	0.799428625
218.32	0.752510479
218.56	0.70148516
218.8	0.669825588
219.04	0.673371851
219.28	0.696766269
219.52	0.692586132
219.76	0.708232361
220	0.581790506
220.24	0.512701819
220.48	0.483969864
220.72	0.485712935
220.96	0.508619651
221.2	0.525230143
221.44	0.571314227
221.68	0.543360995
221.92	0.535028372
222.16	0.547370916
222.4	0.550197378
222.64	0.531106556
222.88	0.514666891
223.12	0.508695465
223.36	0.503965345
223.6	0.517888623
223.84	0.563696005
224.08	0.540510493
224.32	0.580978684
224.56	0.583299629
224.8	0.595992351
225.04	0.606255452
225.28	0.672922731
225.52	0.72610629
225.76	0.705213714
226	0.711148118
226.24	0.679194432
226.48	0.668869094
226.72	0.685075552
226.96	0.693793567
227.2	0.665815365
227.44	0.594438809
227.68	0.550366207
227.92	0.452075027
228.16	1.003641153
228.4	1.011317693
228.64	1.003583775
228.88	1.025964803
229.12	1.022605764
229.36	0.991471028
229.6	0.972360383
229.84	1.000272909
230.08	1.056747066
230.32	1.074951301
230.56	1.099157586
230.8	0.470645598
231.04	0.477055063
231.28	0.483637034
231.52	0.483094316
231.76	0.496287471
232	0.535943112
232.24	0.55834046
232.48	0.55756252
232.72	0.547794587
232.96	0.565715226
233.2	0.559017335
233.44	0.547420687
233.68	0.53285705
233.92	0.540397766
234.16	0.563336791
234.4	0.565668765
234.64	0.549525879
234.88	0.518076248
235.12	0.500774712
235.36	0.503979132
235.6	0.477191527
235.84	0.498242354
236.08	0.521507524
236.32	0.535393536
236.56	0.506657403
236.8	0.457347976
237.04	0.42371509
237.28	0.414447032
237.52	0.416376033
237.76	0.402694024
238	0.380911533
238.24	0.384601087
238.48	0.357193988
238.72	0.34186036
238.96	0.34277679
239.2	0.367981676
239.44	0.409541788
239.68	0.445793362
239.92	0.438596844
240.16	0.461395992
240.4	0.498458806
240.64	0.5225043
240.88	0.545036759
241.12	0.570663223
241.36	0.62440759
241.6	0.653109227
241.84	0.623196075
242.08	0.510510616
242.32	0.425134221
242.56	0.424726928
242.8	0.404281499
243.04	0.369604916
243.28	0.317752373
243.52	0.311005785
243.76	0.321959034
244	0.291460746
244.24	0.261211754
244.48	0.250841446
244.72	0.320706388
244.96	0.359408203
245.2	0.349063506
245.44	0.342518425
245.68	0.356176453
245.92	0.396018228
246.16	0.430022452
246.4	0.88631277
246.64	0.871134954
246.88	0.871418798
247.12	0.875497497
247.36	0.866857153
247.6	0.872544543
247.84	0.895824307
248.08	0.918300072
248.32	0.924476873
248.56	0.921525593
248.8	0.864768052
249.04	0.369251231
249.28	0.337207287
249.52	0.298841735
249.76	0.271168442
250	0.23748025
250.24	0.193992722
250.48	0.142906114
250.72	0.087879365
250.96	0.040467331
251.2	-4.80206E-10
251.44	-5.11006E-10
251.68	-5.14204E-10
251.92	-5.18612E-10
252.16	-5.25282E-10
252.4	-5.43896E-10
252.64	-5.62535E-10
252.88	-5.73685E-10
253.12	-8.20135E-10
253.36	-8.16519E-10
253.6	-8.13242E-10
253.84	-7.89913E-10
254.08	-7.53042E-10
254.32	-7.4011E-10
254.56	-7.32466E-10
254.8	-7.14466E-10
255.04	-6.69812E-10
255.28	-6.51104E-10
255.52	-6.39837E-10
255.76	-3.96792E-10
256	-3.68797E-10
256.24	-3.60892E-10
256.48	-3.57766E-10
256.72	-3.6354E-10
256.96	-3.71473E-10
257.2	-3.78364E-10
257.44	-3.89157E-10
257.68	-4.21856E-10
257.92	-4.30603E-10
258.16	-4.13731E-10
258.4	-3.99515E-10
258.64	-4.30363E-10
258.88	-4.354E-10
259.12	-4.58311E-10
259.36	-4.80589E-10
259.6	-4.83946E-10
259.84	-4.79529E-10
260.08	-4.68357E-10
260.32	-4.56458E-10
260.56	-4.43658E-10
260.8	-4.6337E-10
261.04	-4.76706E-10
261.28	-4.80228E-10
261.52	-4.84027E-10
261.76	-4.681E-10
262	-4.44961E-10
262.24	-4.54616E-10
262.48	-4.47966E-10
262.72	-4.26722E-10
262.96	-4.30844E-10
263.2	-4.47857E-10
263.44	-4.47575E-10
263.68	-4.37684E-10
263.92	-4.30209E-10
264.16	-4.23796E-10
264.4	-4.18609E-10
264.64	-4.1757E-10
264.88	-3.9591E-10
265.12	-3.89407E-10
265.36	-4.02031E-10
265.6	-3.59402E-10
265.84	-3.41099E-10
266.08	-3.4419E-10
266.32	-3.61384E-10
266.56	-3.79563E-10
266.8	-3.67272E-10
267.04	-3.57545E-10
267.28	-3.59267E-10
267.52	-3.72677E-10
267.76	-3.73924E-10
268	-3.77992E-10
268.24	-4.27231E-10
268.48	-4.4406E-10
268.72	-4.3679E-10
268.96	-3.90002E-10
269.2	-3.62475E-10
269.44	-3.8298E-10
269.68	-4.04478E-10
269.92	-3.98287E-10
270.16	-3.97285E-10
270.4	-4.08181E-10
270.64	-4.16275E-10
270.88	-4.15458E-10
271.12	-4.13635E-10
271.36	-4.10326E-10
271.6	-4.09963E-10
271.84	-4.26646E-10
272.08	-4.40026E-10
272.32	-4.37617E-10
272.56	-4.59473E-10
272.8	-4.61368E-10
273.04	-4.62651E-10
273.28	-4.65421E-10
273.52	-4.66658E-10
273.76	-4.62781E-10
274	-4.6657E-10
274.24	-5.1036E-10
274.48	-5.15279E-10
274.72	-4.95667E-10
274.96	-4.84329E-10
275.2	-4.70077E-10
275.44	-4.63022E-10
275.68	-4.60129E-10
275.92	-4.63637E-10
276.16	-4.74058E-10
276.4	-4.62568E-10
276.64	-4.76626E-10
276.88	-4.88285E-10
277.12	-4.77781E-10
277.36	-4.67282E-10
277.6	-4.68102E-10
277.84	-4.72039E-10
278.08	-4.68261E-10
278.32	-4.58524E-10
278.56	-4.48516E-10
278.8	-4.39824E-10
279.04	-4.5674E-10
279.28	-4.50679E-10
279.52	-4.39221E-10
279.76	-4.41032E-10
280	-4.5382E-10
280.24	-4.74992E-10
280.48	-4.87745E-10
280.72	-4.95525E-10
280.96	-5.13621E-10
281.2	-5.2599E-10
281.44	-5.24901E-10
281.68	-5.18618E-10
281.92	-5.01518E-10
282.16	-4.68144E-10
282.4	-4.46691E-10
282.64	-4.31096E-10
282.88	-4.1228E-10
283.12	-4.04773E-10
283.36	-4.09092E-10
283.6	-4.08259E-10
283.84	-4.41863E-10
284.08	-4.34716E-10
284.32	-4.32248E-10
284.56	-4.46657E-10
284.8	-4.59097E-10
285.04	-4.59873E-10
285.28	-4.67678E-10
285.52	-4.858E-10
285.76	-4.97837E-10
286	-4.8815E-10
286.24	-4.88489E-10
286.48	-4.61856E-10
286.72	-4.70208E-10
286.96	-4.60293E-10
287.2	-4.22459E-10
287.44	-4.0101E-10
287.68	-4.04244E-10
287.92	-4.03962E-10
288.16	-3.95374E-10
288.4	-3.94349E-10
288.64	-3.95743E-10
288.88	-3.67048E-10
289.12	-3.33232E-10
289.36	-3.13275E-10
289.6	-3.31057E-10
289.84	-3.73965E-10
290.08	-3.99122E-10
290.32	-3.86833E-10
290.56	-3.60894E-10
290.8	-8.83707E-10
291.04	-8.59806E-10
291.28	-8.55154E-10
291.52	-8.78186E-10
291.76	-8.99501E-10
292	-9.23341E-10
292.24	-9.12785E-10
292.48	-8.66317E-10
292.72	-8.63414E-10
292.96	-8.84557E-10
293.2	-9.04955E-10
293.44	-3.82759E-10
293.68	-3.87513E-10
293.92	-3.82565E-10
294.16	-3.84123E-10
294.4	-3.89768E-10
294.64	-3.81927E-10
294.88	-3.79885E-10
295.12	-4.1139E-10
295.36	-4.19827E-10
295.6	-4.05523E-10
295.84	-3.8053E-10
296.08	-3.85224E-10
296.32	-4.01253E-10
296.56	-4.18401E-10
296.8	-4.20435E-10
297.04	-4.18152E-10
297.28	-4.23715E-10
297.52	-4.39475E-10
297.76	-4.47701E-10
298	-4.44489E-10
298.24	-4.67089E-10
298.48	-5.03524E-10
298.72	-5.03892E-10
298.96	-5.05084E-10
299.2	-5.10548E-10
299.44	-5.16888E-10
299.68	-5.21016E-10
299.92	-5.19249E-10
300.16	-5.06959E-10
300.4	-4.96619E-10
300.64	-4.96825E-10
300.88	-4.93519E-10
301.12	-4.96477E-10
301.36	-4.89425E-10
301.6	-4.73798E-10
301.84	-3.01998E-10
302.08	-4.20603E-10
302.32	-4.07142E-10
302.56	-4.05197E-10
302.8	-4.01755E-10
303.04	-4.03149E-10
303.28	-4.01479E-10
303.52	-4.06793E-10
303.76	-4.08346E-10
304	-3.99844E-10
304.24	-3.88999E-10
304.48	-6.05401E-10
304.72	-4.28851E-10
304.96	-4.40598E-10
305.2	-4.44836E-10
305.44	-4.55679E-10
305.68	-4.59704E-10
305.92	-4.60721E-10
306.16	-4.6626E-10
306.4	-4.81322E-10
306.64	-5.06449E-10
306.88	-5.30837E-10
307.12	-5.41149E-10
307.36	-5.45182E-10
307.6	-5.51355E-10
307.84	-5.50065E-10
308.08	-5.43114E-10
308.32	-5.29101E-10
308.56	-5.27814E-10
308.8	-5.30517E-10
309.04	-5.24832E-10
309.28	-5.2234E-10
309.52	-5.28718E-10
309.76	-5.36705E-10
310	-5.35084E-10
310.24	-5.14923E-10
310.48	-5.0063E-10
310.72	-5.0181E-10
310.96	-5.28464E-10
311.2	-5.492E-10
311.44	-5.59673E-10
311.68	-5.64799E-10
311.92	-5.6268E-10
312.16	-5.52722E-10
312.4	-5.40963E-10
312.64	-5.27133E-10
312.88	-5.37282E-10
313.12	-5.53815E-10
313.36	-5.61956E-10
313.6	-5.56311E-10
313.84	-5.47179E-10
314.08	-5.38805E-10
314.32	-5.28602E-10
314.56	-5.17734E-10
314.8	-5.13098E-10
315.04	-5.187E-10
315.28	-5.37329E-10
315.52	-5.54952E-10
315.76	-5.72453E-10
316	-5.83361E-10
316.24	-5.9365E-10
316.48	-6.04122E-10
316.72	-6.15183E-10
316.96	-6.31982E-10
317.2	-6.52426E-10
317.44	-6.68647E-10
317.68	-6.7882E-10
317.92	-6.86846E-10
318.16	-6.88082E-10
318.4	-6.6659E-10
318.64	-6.5017E-10
318.88	-6.33598E-10
319.12	-6.13755E-10
319.36	-5.96086E-10
319.6	-5.82136E-10
319.84	-5.7445E-10
320.08	-5.72586E-10
320.32	-5.65447E-10
320.56	-5.74617E-10
320.8	-5.83176E-10
321.04	-5.93231E-10
321.28	-5.96438E-10
321.52	-5.97725E-10
321.76	-6.0071E-10
322	-6.01373E-10
322.24	-6.03185E-10
322.48	-5.8911E-10
322.72	-5.78711E-10
322.96	-5.77993E-10
323.2	-5.71695E-10
323.44	-5.6401E-10
323.68	-5.59922E-10
323.92	-5.58599E-10
324.16	-5.59489E-10
324.4	-5.61734E-10
324.64	-5.64841E-10
324.88	-5.62009E-10
325.12	-5.72197E-10
325.36	-5.79883E-10
325.6	-5.77866E-10
325.84	-5.77473E-10
326.08	-5.76592E-10
326.32	-5.77157E-10
326.56	-5.81481E-10
326.8	-5.82854E-10
327.04	-5.80183E-10
327.28	-5.73796E-10
327.52	-5.77055E-10
327.76	-5.82375E-10
328	-5.85156E-10
328.24	-5.86588E-10
328.48	-5.89452E-10
328.72	-5.93795E-10
328.96	-5.93529E-10
329.2	-5.88261E-10
329.44	-5.89492E-10
329.68	-5.93978E-10
329.92	-6.04087E-10
330.16	-5.97484E-10
330.4	-5.92142E-10
330.64	-5.86334E-10
330.88	-5.8474E-10
331.12	-5.81143E-10
331.36	-5.75643E-10
331.6	-5.73925E-10
331.84	-5.72517E-10
332.08	-5.7134E-10
332.32	-5.69044E-10
332.56	-5.67463E-10
332.8	-5.65214E-10
333.04	-5.63924E-10
333.28	-5.63971E-10
333.52	-5.61521E-10
333.76	-5.56749E-10
334	-5.5162E-10
334.24	-5.48634E-10
334.48	-5.48774E-10
334.72	-5.49481E-10
334.96	-5.48745E-10
335.2	-5.52395E-10
335.44	-5.57172E-10
335.68	-5.55311E-10
335.92	-5.50172E-10
336.16	-5.46156E-10
336.4	-5.4348E-10
336.64	-5.40752E-10
336.88	-5.4063E-10
337.12	-5.42214E-10
337.36	-5.39556E-10
337.6	-5.38785E-10
337.84	-5.30999E-10
338.08	-5.25319E-10
338.32	-5.20694E-10
338.56	-5.17586E-10
338.8	-5.17128E-10
339.04	-5.18699E-10
339.28	-5.19745E-10
339.52	-5.157E-10
339.76	-5.11265E-10
340	-5.0812E-10
340.24	-5.04409E-10
340.48	-5.0422E-10
340.72	-5.04688E-10
340.96	-5.0424E-10
341.2	-5.01485E-10
341.44	-4.97645E-10
341.68	-4.9464E-10
341.92	-4.9247E-10
342.16	-4.94129E-10
342.4	-4.93173E-10
342.64	-4.91862E-10
342.88	-4.90442E-10
343.12	-4.86722E-10
343.36	-4.80749E-10
343.6	-4.78118E-10
343.84	-4.7918E-10
344.08	-4.7945E-10
344.32	-4.78931E-10
344.56	-4.78054E-10
344.8	-4.73307E-10
345.04	-4.69046E-10
345.28	-4.64482E-10
345.52	-4.60112E-10
345.76	-4.57433E-10
346	-4.57425E-10
346.24	-4.56535E-10
346.48	-4.52497E-10
346.72	-4.46682E-10
346.96	-4.40887E-10
347.2	-4.3737E-10
347.44	-4.34407E-10
347.68	-4.31865E-10
347.92	0.000223249
348.16	0.000914176
348.4	0.002063587
348.64	0.003629975
348.88	0.005551798
349.12	0.007707021
349.36	0.010081319
349.6	0.012733354
349.84	0.015523835
350.08	0.018255593
350.32	0.021061516
350.56	0.023691574
350.8	0.025771615
351.04	0.027364067
351.28	0.02862069
351.52	0.029615723
351.76	0.030439056
352	0.031066414
352.24	0.031229117
352.48	0.031336334
352.72	0.03144667
352.96	0.031402683
353.2	0.031353576
353.44	0.031381164
353.68	0.031413153
353.92	0.031387223
354.16	0.031283405
354.4	0.031095086
354.64	0.030943553
354.88	0.030837145
355.12	0.030762877
355.36	0.030790955
355.6	0.030888223
355.84	0.030990779
356.08	0.031036841
356.32	0.031062399
356.56	0.031081851
356.8	0.031039317
357.04	0.030963992
357.28	0.030773304
357.52	0.030785371
357.76	0.030832583
358	0.030808762
358.24	0.030699662
358.48	0.030531735
358.72	0.030458587
358.96	0.030408288
359.2	0.030350929
359.44	0.030337082
359.68	0.030374071
359.92	0.030459841
360.16	0.030470974
360.4	0.030317089
360.64	0.030225487
360.88	0.030246544
361.12	0.030250613
361.36	0.030221169
361.6	0.03021845
361.84	0.030188424
362.08	0.030156696
362.32	0.030096518
362.56	0.030114232
362.8	0.030132746
363.04	0.030222827
363.28	0.030187405
363.52	0.030120373
363.76	0.030114952
364	0.030114952
364.24	0.030063881
364.48	0.029997916
364.72	0.029891254
364.96	0.029752889
365.2	0.029549383
365.44	0.029469545
365.68	0.029340493
365.92	0.029279636
366.16	0.029235146
366.4	0.029229637
366.64	0.029234085
366.88	0.029245954
367.12	0.029281243
367.36	0.029310252
367.6	0.029421809
367.84	0.029561989
368.08	0.02959011
368.32	0.029544126
368.56	0.02953193
368.8	0.029552984
369.04	0.02958067
369.28	0.029567005
369.52	0.029506038
369.76	0.029485269
370	0.029533845
370.24	0.029505325
370.48	0.029508594
370.72	0.029493292
370.96	0.029515572
371.2	0.029525399
371.44	0.029514771
371.68	0.029513745
371.92	0.029527639
372.16	0.029538566
372.4	0.029557691
372.64	0.029565117
372.88	0.029572474
373.12	0.029534213
373.36	0.029502873
373.6	0.029500092
373.84	0.029489447
374.08	0.029499964
374.32	0.029543635
374.56	0.029613013
374.8	0.02968357
375.04	0.029693419
375.28	0.02966173
375.52	0.029678084
375.76	0.029719446
376	0.029757571
376.24	0.029725289
376.48	0.0297212
376.72	0.029733289
376.96	0.029722414
377.2	0.029684447
377.44	0.029651737
377.68	0.029628264
377.92	0.029699259
378.16	0.029779845
378.4	0.029819298
378.64	0.029817061
378.88	0.029892194
379.12	0.029956579
379.36	0.029981868
379.6	0.030002971
379.84	0.030057197
380.08	0.03008623
380.32	0.030114928
380.56	0.030133167
380.8	0.030115144
381.04	0.030100213
381.28	0.030147776
381.52	0.030217184
381.76	0.030274618
382	0.030364498
382.24	0.030496187
382.48	0.030617667
382.72	0.030698648
382.96	0.030741695
383.2	0.030773199
383.44	0.030841359
383.68	0.030862335
383.92	0.030910317
384.16	0.030939375
384.4	0.031002764
384.64	0.031009238
384.88	0.030929715
385.12	0.030861774
385.36	0.030856051
385.6	0.030918272
385.84	0.030984543
386.08	0.031044701
386.32	0.031175652
386.56	0.031289463
386.8	0.031351569
387.04	0.031326434
387.28	0.031333068
387.52	0.0314331
387.76	0.031531827
388	0.031560499
388.24	0.031565747
388.48	0.031603965
388.72	0.031652807
388.96	0.031637672
389.2	0.031602975
389.44	0.031626792
389.68	0.031724723
389.92	0.03180908
390.16	0.031832277
390.4	0.0318579
390.64	0.031936667
390.88	0.031992623
391.12	0.032019118
391.36	0.032042151
391.6	0.032182951
391.84	0.032329815
392.08	0.032415495
392.32	0.032491507
392.56	0.032605279
392.8	0.032738409
393.04	0.032848806
393.28	0.032928116
393.52	0.033020434
393.76	0.033111356
394	0.033179814
394.24	0.03312852
394.48	0.033100723
394.72	0.033170122
394.96	0.033232765
395.2	0.033250744
395.44	0.033288426
395.68	0.033370504
395.92	0.033451632
396.16	0.033512512
396.4	0.033571504
396.64	0.033658828
396.88	0.033806733
397.12	0.033933479
397.36	0.03397634
397.6	0.034010807
397.84	0.034075778
398.08	0.034127028
398.32	0.034137806
398.56	0.034149398
398.8	0.034208576
399.04	0.034311954
399.28	0.034380934
399.52	0.034412971
399.76	0.034449758
400	0.034512475
400.24	0.034587301
400.48	0.034654982
400.72	0.034731173
400.96	0.034834125
401.2	0.034941438
401.44	0.035016061
401.68	0.035071974
401.92	0.035158703
402.16	0.035264732
402.4	0.035353206
402.64	0.035453329
402.88	0.035558003
403.12	0.035662873
403.36	0.035757372
403.6	0.035835432
403.84	0.035907839
404.08	0.035986598
404.32	0.036079502
404.56	0.036169991
404.8	0.036249211
405.04	0.036332168
405.28	0.036430575
405.52	0.036522662
405.76	0.036607244
406	0.036683074
406.24	0.036765006
406.48	0.036871212
406.72	0.036985439
406.96	0.037076455
407.2	0.037160052
407.44	0.037279243
407.68	0.037406662
407.92	0.037490206
408.16	0.037570339
408.4	0.03766949
408.64	0.037781664
408.88	0.037895673
409.12	0.037998412
409.36	0.038087853
409.6	0.038182104
409.84	0.038269693
410.08	0.038302063
410.32	0.038354346
410.56	0.038461545
410.8	0.038568503
411.04	0.038648596
411.28	0.038713808
411.52	0.038782897
411.76	0.038872271
412	0.038983457
412.24	0.039086054
412.48	0.039199863
412.72	0.039350615
412.96	0.039482377
413.2	0.039567326
413.44	0.039660502
413.68	0.039772644
413.92	0.039904988
414.16	0.040038928
414.4	0.040150119
414.64	0.040244274
414.88	0.040345882
415.12	0.040443633
415.36	0.040530322
415.6	0.040623462
415.84	0.040735533
416.08	0.040839797
416.32	0.040945872
416.56	0.041050125
416.8	0.041156157
417.04	0.041265341
417.28	0.041370055
417.52	0.041465874
417.76	0.041566398
418	0.041705551
418.24	0.041829257
418.48	0.041941921
418.72	0.04206911
418.96	0.042195487
419.2	0.042308717
419.44	0.042406872
419.68	0.042490555
419.92	0.042578928
420.16	0.042686213
420.4	0.042784142
420.64	0.042839403
420.88	0.042923653
421.12	0.043023417
421.36	0.043136238
421.6	0.043221531
421.84	0.043307237
422.08	0.043412441
422.32	0.04353543
422.56	0.043660467
422.8	0.043774722
423.04	0.043896098
423.28	0.044037796
423.52	0.044164656
423.76	0.044269328
424	0.044376539
424.24	0.044501991
424.48	0.044624614
424.72	0.044730997
424.96	0.044843374
425.2	0.044973614
425.44	0.045103881
425.68	0.045221013
425.92	0.045325732
426.16	0.045422363
426.4	0.045552211
426.64	0.045643081
426.88	0.045731206
427.12	0.045828096
427.36	0.045949573
427.6	0.046073203
427.84	0.046180357
428.08	0.046283873
428.32	0.046407166
428.56	0.046549409
428.8	0.04669462
429.04	0.046808116
429.28	0.046943617
429.52	0.047089842
429.76	0.047219355
430	0.047326567
430.24	0.04740882
430.48	0.047494596
430.72	0.047591316
430.96	0.047672968
431.2	0.0477304
431.44	0.04781212
431.68	0.047926888
431.92	0.048038813
432.16	0.048119667
432.4	0.048218291
432.64	0.048320887
432.88	0.048454143
433.12	0.048590168
433.36	0.048716965
433.6	0.048854654
433.84	0.049007084
434.08	0.049140232
434.32	0.049243995
434.56	0.049339691
434.8	0.049460284
435.04	0.049582388
435.28	0.049707569
435.52	0.049818655
435.76	0.049924546
436	0.050027946
436.24	0.050125186
436.48	0.05022252
436.72	0.050329913
436.96	0.050446363
437.2	0.050565769
437.44	0.050682426
437.68	0.050816402
437.92	0.050944095
438.16	0.051064846
438.4	0.051190203
438.64	0.05132151
438.88	0.051460313
439.12	0.051599026
439.36	0.051726472
439.6	0.051845459
439.84	0.051967338
440.08	0.052093586
440.32	0.052192663
440.56	0.052288805
440.8	0.052391279
441.04	0.052502663
441.28	0.052624755
441.52	0.052742629
441.76	0.052855757
442	0.052973189
442.24	0.05309545
442.48	0.053219002
442.72	0.053351428
442.96	0.053491365
443.2	0.053637518
443.44	0.05378211
443.68	0.053914391
443.92	0.054035201
444.16	0.054172508
444.4	0.054323062
444.64	0.054472778
444.88	0.054620303
445.12	0.054765591
445.36	0.054903166
445.6	0.055038603
445.84	0.055168078
446.08	0.055300027
446.32	0.055447016
446.56	0.055591708
446.8	0.055710028
447.04	0.055828836
447.28	0.055957242
447.52	0.056089733
447.76	0.056219092
448	0.056344324
448.24	0.056475181
448.48	0.056619115
448.72	0.056735297
448.96	0.056840273
449.2	0.056961823
449.44	0.057114465
449.68	0.057260487
449.92	0.057391185
450.16	0.057514585
450.4	0.057644229
450.64	0.057778931
450.88	0.05790822
451.12	0.05803945
451.36	0.058202099
451.6	0.05837629
451.84	0.058540914
452.08	0.058673812
452.32	0.058799208
452.56	0.058933296
452.8	0.059075945
453.04	0.059205506
453.28	0.059328581
453.52	0.059458562
453.76	0.059585869
454	0.059714704
454.24	0.059831685
454.48	0.059945061
454.72	0.060082949
454.96	0.060226444
455.2	0.060365229
455.44	0.060496575
455.68	0.060640686
455.92	0.060792541
456.16	0.060941331
456.4	0.06108373
456.64	0.061222217
456.88	0.061369807
457.12	0.061522455
457.36	0.061647038
457.6	0.061765032
457.84	0.061894643
458.08	0.062025318
458.32	0.062145461
458.56	0.062274329
458.8	0.062407826
459.04	0.062541463
459.28	0.062672797
459.52	0.062791069
459.76	0.062903973
460	0.063033543
460.24	0.063166385
460.48	0.0632874
460.72	0.063405344
460.96	0.063542283
461.2	0.063678669
461.44	0.063805179
461.68	0.063923006
461.92	0.064041279
462.16	0.064166932
462.4	0.064298619
462.64	0.06443922
462.88	0.06459029
463.12	0.064745321
463.36	0.064910292
463.6	0.065060214
463.84	0.06520185
464.08	0.065348607
464.32	0.065495374
464.56	0.065634704
464.8	0.065769691
465.04	0.065902955
465.28	0.06603214
465.52	0.066159771
465.76	0.066284425
466	0.066393674
466.24	0.066515996
466.48	0.066651703
466.72	0.066770342
466.96	0.066891424
467.2	0.067033003
467.44	0.067179322
467.68	0.067319996
467.92	0.067446465
468.16	0.067558411
468.4	0.067681861
468.64	0.06783074
468.88	0.067984587
469.12	0.068120725
469.36	0.068266896
469.6	0.068408684
469.84	0.068538019
470.08	0.068677887
470.32	0.068822318
470.56	0.068977426
470.8	0.069138588
471.04	0.06928599
471.28	0.069422166
471.52	0.069543672
471.76	0.069658574
472	0.06978262
472.24	0.069911154
472.48	0.07004671
472.72	0.070171918
472.96	0.070297323
473.2	0.070421883
473.44	0.070547429
473.68	0.070666986
473.92	0.070779752
474.16	0.070906475
474.4	0.07105081
474.64	0.071190987
474.88	0.071333444
475.12	0.071463887
475.36	0.071594016
475.6	0.071726598
475.84	0.071857783
476.08	0.07199185
476.32	0.072147908
476.56	0.072312293
476.8	0.07245497
477.04	0.072581602
477.28	0.072705825
477.52	0.072837787
477.76	0.072984233
478	0.073129971
478.24	0.073260749
478.48	0.07338857
478.72	0.073516093
478.96	0.073641515
479.2	0.073770569
479.44	0.073907596
479.68	0.074052268
479.92	0.074200142
480.16	0.074345165
480.4	0.074490481
480.64	0.074627264
480.88	0.074766791
481.12	0.07491638
481.36	0.075060414
481.6	0.075192632
481.84	0.075334055
482.08	0.075482642
482.32	0.07562743
482.56	0.075762942
482.8	0.075892277
483.04	0.076016923
483.28	0.076153143
483.52	0.0762971
483.76	0.076429929
484	0.076570498
484.24	0.07671956
484.48	0.076846189
484.72	0.076967705
484.96	0.077087012
485.2	0.07721702
485.44	0.077358837
485.68	0.077499919
485.92	0.077635679
486.16	0.077772846
486.4	0.077919701
486.64	0.07806919
486.88	0.078210311
487.12	0.078359381
487.36	0.07850282
487.6	0.078650337
487.84	0.078792104
488.08	0.078928133
488.32	0.079066213
488.56	0.079209753
488.8	0.079355799
489.04	0.079500886
489.28	0.07964302
489.52	0.079783378
489.76	0.079925665
490	0.080072796
490.24	0.080221248
490.48	0.080366424
490.72	0.080505253
490.96	0.080639545
491.2	0.080773684
491.44	0.080906583
491.68	0.081038215
491.92	0.081172131
492.16	0.081315828
492.4	0.081456382
492.64	0.081594554
492.88	0.081727945
493.12	0.081877047
493.36	0.082036819
493.6	0.082199379
493.84	0.082361498
494.08	0.082520035
494.32	0.082673168
494.56	0.08282358
494.8	0.082972401
495.04	0.083115883
495.28	0.08325752
495.52	0.083413397
495.76	0.083557752
496	0.083696218
496.24	0.083836006
496.48	0.083975484
496.72	0.084106389
496.96	0.084243151
497.2	0.084375654
497.44	0.084505245
497.68	0.084647414
497.92	0.084797768
498.16	0.084938433
498.4	0.085082127
498.64	0.085224937
498.88	0.085360974
499.12	0.085492838
499.36	0.085632255
499.6	0.08577286
499.84	0.085910921
500.08	0.08605329
500.32	0.086191884
500.56	0.086322431
500.8	0.086455564
501.04	0.08659407
501.28	0.08673519
501.52	0.086883288
501.76	0.0870318
502	0.087186174
502.24	0.087347179
502.48	0.08751014
502.72	0.087667303
502.96	0.087819078
503.2	0.087976076
503.44	0.088133911
503.68	0.08828648
503.92	0.0884413
504.16	0.088596478
504.4	0.088748946
504.64	0.088895869
504.88	0.089039955
505.12	0.08918353
505.36	0.089317834
505.6	0.08946663
505.84	0.089610363
506.08	0.089752664
506.32	0.089897495
506.56	0.090043873
506.8	0.090191053
507.04	0.090337486
507.28	0.0904819
507.52	0.090627095
507.76	0.090775312
508	0.090930156
508.24	0.091079806
508.48	0.091235709
508.72	0.091397788
508.96	0.091558477
509.2	0.091714917
509.44	0.091874949
509.68	0.09203857
509.92	0.092202205
510.16	0.092361538
510.4	0.092529689
510.64	0.092705832
510.88	0.092869477
511.12	0.093032666
511.36	0.093189596
511.6	0.093346529
511.84	0.09351266
512.08	0.09368151
512.32	0.093853002
512.56	0.094034413
512.8	0.094221147
513.04	0.094400969
513.28	0.094569612
513.52	0.094741594
513.76	0.094919243
514	0.095089887
514.24	0.095265454
514.48	0.095444195
514.72	0.095604234
514.96	0.095764456
515.2	0.095917103
515.44	0.096062028
515.68	0.096211876
515.92	0.096379825
516.16	0.096551239
516.4	0.096709401
516.64	0.096875761
516.88	0.097041422
517.12	0.097195333
517.36	0.097359188
517.6	0.097521372
517.84	0.097684996
518.08	0.097859875
518.32	0.098045049
518.56	0.098230087
518.8	0.098414938
519.04	0.098599803
519.28	0.098778142
519.52	0.098951551
519.76	0.099126421
520	0.099299379
520.24	0.099474762
520.48	0.09965007
520.72	0.099817991
520.96	0.099965612
521.2	0.100113413
521.44	0.100270816
521.68	0.100437603
521.92	0.100612607
522.16	0.100786541
522.4	0.10095938
522.64	0.101138499
522.88	0.101319895
523.12	0.10150444
523.36	0.10169115
523.6	0.101888421
523.84	0.102062678
524.08	0.102221988
524.32	0.102385958
524.56	0.102546356
524.8	0.102710949
525.04	0.102874458
525.28	0.10303853
525.52	0.103201315
525.76	0.103361768
526	0.103513235
526.24	0.103652665
526.48	0.103809539
526.72	0.10398064
526.96	0.10414752
527.2	0.10432154
527.44	0.104489677
527.68	0.10465933
527.92	0.104826739
528.16	0.10498884
528.4	0.105151779
528.64	0.105311821
528.88	0.105469345
529.12	0.105622665
529.36	0.105774993
529.6	0.105931188
529.84	0.106076114
530.08	0.106227245
530.32	0.10637142
530.56	0.106514189
530.8	0.106667788
531.04	0.106823154
531.28	0.106974825
531.52	0.107129292
531.76	0.10728296
532	0.107426736
532.24	0.107561691
532.48	0.107705426
532.72	0.10785298
532.96	0.108011698
533.2	0.108166494
533.44	0.108306532
533.68	0.108447544
533.92	0.108596506
534.16	0.108745056
534.4	0.1088987
534.64	0.109054659
534.88	0.10920149
535.12	0.109335538
535.36	0.10946653
535.6	0.109598351
535.84	0.109723662
536.08	0.109847293
536.32	0.109979647
536.56	0.110115856
536.8	0.110255587
537.04	0.110388235
537.28	0.110513359
537.52	0.110641903
537.76	0.110785586
538	0.110928349
538.24	0.111059718
538.48	0.111194221
538.72	0.111332299
538.96	0.11145669
539.2	0.11158411
539.44	0.111710235
539.68	0.111834851
539.92	0.111962448
540.16	0.112095298
540.4	0.112226682
540.64	0.112358129
540.88	0.112487105
541.12	0.112616389
541.36	0.112751224
541.6	0.112889716
541.84	0.113019586
542.08	0.113145455
542.32	0.113268945
542.56	0.113396553
542.8	0.113532318
543.04	0.113674545
543.28	0.113808849
543.52	0.113950614
543.76	0.114098117
544	0.114240123
544.24	0.114374347
544.48	0.114509243
544.72	0.114648669
544.96	0.114792808
545.2	0.114936893
545.44	0.115076521
545.68	0.115209389
545.92	0.115344656
546.16	0.115472104
546.4	0.115590116
546.64	0.115714676
546.88	0.115846134
547.12	0.115969581
547.36	0.116099639
547.6	0.116234658
547.84	0.116361518
548.08	0.116480501
548.32	0.116595947
548.56	0.116710786
548.8	0.116828129
549.04	0.116955612
549.28	0.117080588
549.52	0.117194759
549.76	0.117313759
550	0.117439835
550.24	0.117570306
550.48	0.117701486
550.72	0.117839651
550.96	0.117976248
551.2	0.118111389
551.44	0.118242784
551.68	0.118366236
551.92	0.118491088
552.16	0.11862701
552.4	0.118769856
552.64	0.118905106
552.88	0.119020073
553.12	0.119131091
553.36	0.119230678
553.6	0.119334333
553.84	0.119447404
554.08	0.119574753
554.32	0.119709044
554.56	0.119834035
554.8	0.11995276
555.04	0.120069754
555.28	0.120178069
555.52	0.120291253
555.76	0.120417455
556	0.120553429
556.24	0.120667088
556.48	0.120782461
556.72	0.120893285
556.96	0.120997178
557.2	0.121111164
557.44	0.121215501
557.68	0.121311041
557.92	0.121410979
558.16	0.121522105
558.4	0.121630891
558.64	0.121733893
558.88	0.12185367
559.12	0.121968708
559.36	0.122085579
559.6	0.122205149
559.84	0.12231818
560.08	0.122437633
560.32	0.122551604
560.56	0.122650356
560.8	0.122750268
561.04	0.122854183
561.28	0.122966449
561.52	0.123082929
561.76	0.123195791
562	0.123296652
562.24	0.12338986
562.48	0.123489986
562.72	0.123586876
562.96	0.123706939
563.2	0.123847273
563.44	0.123969933
563.68	0.124074523
563.92	0.124160894
564.16	0.124245247
564.4	0.12433831
564.64	0.12444477
564.88	0.124558551
565.12	0.124662311
565.36	0.124771403
565.6	0.12486193
565.84	0.124932159
566.08	0.125015826
566.32	0.125115718
566.56	0.125230611
566.8	0.125341185
567.04	0.125452629
567.28	0.125542121
567.52	0.125623734
567.76	0.125711326
568	0.125800971
568.24	0.125889278
568.48	0.125981771
568.72	0.126068907
568.96	0.126152902
569.2	0.126229105
569.44	0.126300601
569.68	0.126368363
569.92	0.126446967
570.16	0.126530828
570.4	0.126617472
570.64	0.126703586
570.88	0.126799097
571.12	0.126903069
571.36	0.127011749
571.6	0.127120451
571.84	0.127238368
572.08	0.127364447
572.32	0.127478884
572.56	0.12759774
572.8	0.127718189
573.04	0.127829009
573.28	0.127931317
573.52	0.128031901
573.76	0.128131164
574	0.128232348
574.24	0.128317264
574.48	0.128397582
574.72	0.128480434
574.96	0.128558903
575.2	0.128632917
575.44	0.128711915
575.68	0.128787681
575.92	0.128866378
576.16	0.128959147
576.4	0.12904182
576.64	0.129116936
576.88	0.129218435
577.12	0.129330498
577.36	0.129418096
577.6	0.129516127
577.84	0.129623002
578.08	0.129722336
578.32	0.129821291
578.56	0.129931582
578.8	0.130037888
579.04	0.130151923
579.28	0.130260814
579.52	0.13036448
579.76	0.130460618
580	0.130572381
580.24	0.130689203
580.48	0.130821765
580.72	0.130950896
580.96	0.131080885
581.2	0.131213391
581.44	0.131336837
581.68	0.131451189
581.92	0.131563321
582.16	0.131668822
582.4	0.131776808
582.64	0.131886361
582.88	0.131977669
583.12	0.132052856
583.36	0.132143177
583.6	0.132240689
583.84	0.132318106
584.08	0.132387994
584.32	0.132478949
584.56	0.132580253
584.8	0.132679178
585.04	0.132724725
585.28	0.132770746
585.52	0.132830095
585.76	0.132965057
586	0.133078467
586.24	0.133184029
586.48	0.133305198
586.72	0.133425092
586.96	0.133533467
587.2	0.133625111
587.44	0.133715157
587.68	0.133756005
587.92	0.133780621
588.16	0.133804032
588.4	0.133855483
588.64	0.133914479
588.88	0.133986014
589.12	0.134067203
589.36	0.134158753
589.6	0.134247473
589.84	0.134343532
590.08	0.134441268
590.32	0.134526906
590.56	0.134628124
590.8	0.13473195
591.04	0.134860634
591.28	0.134980575
591.52	0.135093285
591.76	0.135192325
592	0.135295566
592.24	0.135392143
592.48	0.13548449
592.72	0.135594251
592.96	0.135721262
593.2	0.135839827
593.44	0.135950769
593.68	0.13604726
593.92	0.136170337
594.16	0.136292211
594.4	0.136406569
594.64	0.1365059
594.88	0.136622913
595.12	0.1367582
595.36	0.136896232
595.6	0.13700987
595.84	0.137131376
596.08	0.137276887
596.32	0.137425538
596.56	0.137554174
596.8	0.137671029
597.04	0.137789026
597.28	0.137926339
597.52	0.13806702
597.76	0.138207533
598	0.138335169
598.24	0.138472665
598.48	0.138618259
598.72	0.138749001
598.96	0.138862545
599.2	0.138979226
599.44	0.139106792
599.68	0.139243833
599.92	0.13937271
600.16	0.139494826
600.4	0.139610994
600.64	0.139725601
600.88	0.139845969
601.12	0.139966028
601.36	0.140093834
601.6	0.140229185
601.84	0.140350309
602.08	0.140484496
602.32	0.140618986
602.56	0.140739042
602.8	0.140853203
603.04	0.140962036
603.28	0.141063323
603.52	0.141162554
603.76	0.141266946
604	0.141374307
604.24	0.141483503
604.48	0.141603021
604.72	0.141710003
604.96	0.141818827
605.2	0.141932011
605.44	0.142043311
605.68	0.142165198
605.92	0.142300101
606.16	0.142442667
606.4	0.142571375
606.64	0.14268971
606.88	0.142802985
607.12	0.142904875
607.36	0.143004409
607.6	0.14312185
607.84	0.143254999
608.08	0.143378906
608.32	0.143493018
608.56	0.14360313
608.8	0.143687057
609.04	0.143782137
609.28	0.14388313
609.52	0.143985158
609.76	0.144101659
610	0.144219088
610.24	0.144323107
610.48	0.144420836
610.72	0.144524573
610.96	0.144624725
611.2	0.144729163
611.44	0.144859585
611.68	0.144916694
611.92	0.144969793
612.16	0.145108026
612.4	0.145243191
612.64	0.145380052
612.88	0.14550905
613.12	0.145645191
613.36	0.14578961
613.6	0.145948317
613.84	0.146097031
614.08	0.146236654
614.32	0.146305347
614.56	0.146358541
614.8	0.146456395
615.04	0.146557178
615.28	0.146659514
615.52	0.146767038
615.76	0.146870643
616	0.146974682
616.24	0.147066444
616.48	0.147170865
616.72	0.147276315
616.96	0.147385788
617.2	0.147502759
617.44	0.147641865
617.68	0.147792239
617.92	0.147945238
618.16	0.148084324
618.4	0.148205224
618.64	0.148318269
618.88	0.148434425
619.12	0.148542198
619.36	0.14865372
619.6	0.148761021
619.84	0.14887289
620.08	0.148987665
620.32	0.149095605
620.56	0.149198625
620.8	0.149313869
621.04	0.149451244
621.28	0.14958865
621.52	0.149715106
621.76	0.149837253
622	0.14995935
622.24	0.150085287
622.48	0.150217886
622.72	0.150336752
622.96	0.150449484
623.2	0.150579387
623.44	0.150699411
623.68	0.150804141
623.92	0.15090752
624.16	0.151031743
624.4	0.151159413
624.64	0.151282716
624.88	0.151387853
625.12	0.151488241
625.36	0.151604716
625.6	0.151729536
625.84	0.151845608
626.08	0.151978778
626.32	0.152121485
626.56	0.152272368
626.8	0.152412161
627.04	0.152481051
627.28	0.152549081
627.52	0.152636478
627.76	0.152853643
628	0.153054654
628.24	0.153223745
628.48	0.153389651
628.72	0.153558768
628.96	0.153729091
629.2	0.153889217
629.44	0.15405347
629.68	0.154119685
629.92	0.154186164
630.16	0.154240902
630.4	0.154349043
630.64	0.154467533
630.88	0.154601479
631.12	0.15473528
631.36	0.154857916
631.6	0.154981427
631.84	0.155113828
632.08	0.155239095
632.32	0.155366722
632.56	0.155505609
632.8	0.155639018
633.04	0.155767354
633.28	0.155886331
633.52	0.156000258
633.76	0.15611111
634	0.156223628
634.24	0.156330282
634.48	0.15642366
634.72	0.156529566
634.96	0.156615585
635.2	0.156698543
635.44	0.156804001
635.68	0.15690664
635.92	0.156996755
636.16	0.15709719
636.4	0.157203657
636.64	0.157310564
636.88	0.157413815
637.12	0.157523504
637.36	0.157623163
637.6	0.157729399
637.84	0.157837136
638.08	0.157939868
638.32	0.158043116
638.56	0.158148468
638.8	0.158234794
639.04	0.158317286
639.28	0.158389279
639.52	0.158471421
639.76	0.158565599
640	0.158655069
640.24	0.158744672
640.48	0.158823935
640.72	0.158895563
640.96	0.158971461
641.2	0.159053382
641.44	0.159147499
641.68	0.159242509
641.92	0.159341282
642.16	0.159433373
642.4	0.159504064
642.64	0.159586131
642.88	0.159685665
643.12	0.159778895
643.36	0.159864041
643.6	0.159959114
643.84	0.160052998
644.08	0.160144973
644.32	0.160224927
644.56	0.160310376
644.8	0.160399761
645.04	0.160501949
645.28	0.160598934
645.52	0.160672766
645.76	0.160748648
646	0.160839145
646.24	0.160942647
646.48	0.161038935
646.72	0.161125634
646.96	0.1612111
647.2	0.161313701
647.44	0.161409478
647.68	0.16149065
647.92	0.161572056
648.16	0.161663106
648.4	0.161752639
648.64	0.161835509
648.88	0.161898104
649.12	0.161975574
649.36	0.162077046
649.6	0.16219919
649.84	0.162297118
650.08	0.162388843
650.32	0.162502169
650.56	0.162618821
650.8	0.162708494
651.04	0.162821669
651.28	0.162942204
651.52	0.163072066
651.76	0.163204704
652	0.163321261
652.24	0.163425205
652.48	0.163534561
652.72	0.163648337
652.96	0.163759946
653.2	0.163887305
653.44	0.164040617
653.68	0.1641572
653.92	0.164269054
654.16	0.164391849
654.4	0.164500085
654.64	0.164612558
654.88	0.164731624
655.12	0.164846135
655.36	0.16494468
655.6	0.165026939
655.84	0.165092864
656.08	0.165170671
656.32	0.165278526
656.56	0.165392435
656.8	0.165483761
657.04	0.165587717
657.28	0.165703545
657.52	0.165812885
657.76	0.165920079
658	0.166051551
658.24	0.166188577
658.48	0.16631816
658.72	0.166436942
658.96	0.166555569
659.2	0.166669574
659.44	0.166778786
659.68	0.166879126
659.92	0.166953635
660.16	0.167026986
660.4	0.167118696
660.64	0.167211966
660.88	0.167304034
661.12	0.167396123
661.36	0.167488661
661.6	0.167581265
661.84	0.167679986
662.08	0.167773966
662.32	0.167856287
662.56	0.167961594
662.8	0.168062263
663.04	0.16816746
663.28	0.168259146
663.52	0.168351315
663.76	0.16846589
664	0.16856967
664.24	0.16866329
664.48	0.168757718
664.72	0.168870021
664.96	0.168994097
665.2	0.169101089
665.44	0.169211461
665.68	0.16930139
665.92	0.169401347
666.16	0.16951803
666.4	0.169622527
666.64	0.169718434
666.88	0.169812049
667.12	0.169904256
667.36	0.170003368
667.6	0.170097969
667.84	0.17021974
668.08	0.170342535
668.32	0.170460395
668.56	0.170567549
668.8	0.170670167
669.04	0.170781312
669.28	0.170911342
669.52	0.171050683
669.76	0.171199049
670	0.171329679
670.24	0.17147279
670.48	0.171604336
670.72	0.171729015
670.96	0.171870015
671.2	0.171997718
671.44	0.172093969
671.68	0.172196524
671.92	0.172319778
672.16	0.172434658
672.4	0.172525938
672.64	0.172640967
672.88	0.172761309
673.12	0.172876109
673.36	0.173006174
673.6	0.173135361
673.84	0.173294656
674.08	0.173482288
674.32	0.173643892
674.56	0.173775751
674.8	0.173910295
675.04	0.174060164
675.28	0.174196294
675.52	0.1743512
675.76	0.174489165
676	0.174618518
676.24	0.174732598
676.48	0.174842321
676.72	0.174970197
676.96	0.175118435
677.2	0.175273919
677.44	0.17542886
677.68	0.175576605
677.92	0.175724235
678.16	0.175870605
678.4	0.176040694
678.64	0.176197996
678.88	0.176373086
679.12	0.176547651
679.36	0.176692358
679.6	0.176854346
679.84	0.177021359
680.08	0.177197295
680.32	0.17737662
680.56	0.177564077
680.8	0.177724351
681.04	0.177876633
681.28	0.178043338
681.52	0.178210767
681.76	0.178387327
682	0.178573752
682.24	0.178733353
682.48	0.178894335
682.72	0.179039359
682.96	0.179187222
683.2	0.179339686
683.44	0.179510805
683.68	0.179702356
683.92	0.179904868
684.16	0.180104371
684.4	0.180280316
684.64	0.180472442
684.88	0.18070513
685.12	0.180949485
685.36	0.181224051
685.6	0.181523061
685.84	0.181816366
686.08	0.182090053
686.32	0.182347451
686.56	0.182613779
686.8	0.182890048
687.04	0.183182035
687.28	0.183480687
687.52	0.18376821
687.76	0.184020151
688	0.184286872
688.24	0.18455713
688.48	0.184848376
688.72	0.185153992
688.96	0.185475688
689.2	0.185770462
689.44	0.186067194
689.68	0.186387534
689.92	0.186704631
690.16	0.187012399
690.4	0.187360601
690.64	0.187688531
690.88	0.188008225
691.12	0.188324572
691.36	0.188655952
691.6	0.188995472
691.84	0.189362402
692.08	0.189743709
692.32	0.190117877
692.56	0.19049219
692.8	0.190833884
693.04	0.191177145
693.28	0.191531393
693.52	0.191883554
693.76	0.192247821
694	0.192613144
694.24	0.192966569
694.48	0.193319844
694.72	0.19367666
694.96	0.19404838
695.2	0.194418444
695.44	0.194815368
695.68	0.195202856
695.92	0.195588482
696.16	0.195983375
696.4	0.196339559
696.64	0.196682557
696.88	0.197036725
697.12	0.197419583
697.36	0.197787675
697.6	0.198143374
697.84	0.19849177
698.08	0.198846455
698.32	0.199210822
698.56	0.199569204
698.8	0.199914992
699.04	0.20029038
699.28	0.200697069
699.52	0.201104349
699.76	0.201468441
700	0.201832822
700.24	0.202222731
700.48	0.20263296
700.72	0.203039492
700.96	0.20343723
701.2	0.203843568
701.44	0.204252464
701.68	0.20463009
701.92	0.204965377
702.16	0.205311745
702.4	0.205684952
702.64	0.20606341
702.88	0.206431874
703.12	0.206802381
703.36	0.207171097
703.6	0.207533173
703.84	0.207891406
704.08	0.208268546
704.32	0.208665864
704.56	0.20907774
704.8	0.209476943
705.04	0.209877195
705.28	0.210257712
705.52	0.210597016
705.76	0.210943296
706	0.211293371
706.24	0.211669876
706.48	0.212038719
706.72	0.212388666
706.96	0.212723918
707.2	0.213066924
707.44	0.213418653
707.68	0.213760273
707.92	0.214116254
708.16	0.21450129
708.4	0.21486559
708.64	0.215215861
708.88	0.215541174
709.12	0.215881034
709.36	0.216226138
709.6	0.21658647
709.84	0.216932552
710.08	0.217297301
710.32	0.21766344
710.56	0.218019464
710.8	0.218329413
711.04	0.218622464
711.28	0.21892881
711.52	0.219253764
711.76	0.21955977
712	0.219847117
712.24	0.220123129
712.48	0.220411753
712.72	0.22067812
712.96	0.220945388
713.2	0.22122683
713.44	0.221549433
713.68	0.221861419
713.92	0.222126403
714.16	0.222352948
714.4	0.222601639
714.64	0.2228553
714.88	0.223077315
715.12	0.223254764
715.36	0.223412319
715.6	0.223551345
715.84	0.223680081
716.08	0.223770482
716.32	0.223839445
716.56	0.223923684
716.8	0.223998316
717.04	0.224018488
717.28	0.224013576
717.52	0.224000146
717.76	0.223969247
718	0.223901756
718.24	0.22380921
718.48	0.223685832
718.72	0.22353747
718.96	0.223389396
719.2	0.223242653
719.44	0.223069322
719.68	0.222889684
719.92	0.222706019
720.16	0.2225479
720.4	0.222395075
720.64	0.222238958
720.88	0.222085588
721.12	0.221957155
721.36	0.221878619
721.6	0.221847441
721.84	0.221850879
722.08	0.221904833
722.32	0.222001473
722.56	0.222153316
722.8	0.222310257
723.04	0.222507701
723.28	0.222778525
723.52	0.223089443
723.76	0.223385007
724	0.22372859
724.24	0.224081647
724.48	0.224414483
724.72	0.22477769
724.96	0.225119808
725.2	0.225455467
725.44	0.225846277
725.68	0.226253355
725.92	0.22664005
726.16	0.227047069
726.4	0.227510265
726.64	0.22797677
726.88	0.228465374
727.12	0.228994593
727.36	0.229547562
727.6	0.230138301
727.84	0.230728945
728.08	0.231298468
728.32	0.231877114
728.56	0.232445524
728.8	0.232986574
729.04	0.23352859
729.28	0.234083696
729.52	0.234625024
729.76	0.235159158
730	0.235690863
730.24	0.236239568
730.48	0.236771807
730.72	0.237281214
730.96	0.237790142
731.2	0.238319532
731.44	0.238873517
731.68	0.239424485
731.92	0.239934679
732.16	0.240422079
732.4	0.24088897
732.64	0.241349156
732.88	0.24179784
733.12	0.242277654
733.36	0.242799382
733.6	0.243328145
733.84	0.243854469
734.08	0.24435319
734.32	0.244806024
734.56	0.245284242
734.8	0.245789957
735.04	0.246302401
735.28	0.246777135
735.52	0.247237286
735.76	0.247687151
736	0.248115965
736.24	0.248522605
736.48	0.248901736
736.72	0.249294933
736.96	0.249743331
737.2	0.250164399
737.44	0.250557133
737.68	0.250964227
737.92	0.251375972
738.16	0.25177795
738.4	0.252180313
738.64	0.252596677
738.88	0.252990668
739.12	0.253402409
739.36	0.253819816
739.6	0.254219432
739.84	0.254601404
740.08	0.254988419
740.32	0.255344663
740.56	0.255724367
740.8	0.256119525
741.04	0.256489909
741.28	0.256845508
741.52	0.257231012
741.76	0.257595079
742	0.257949296
742.24	0.258291049
742.48	0.258624188
742.72	0.25897092
742.96	0.259339494
743.2	0.259663639
743.44	0.259965877
743.68	0.260300304
743.92	0.260618705
744.16	0.260932533
744.4	0.261275505
744.64	0.261608188
744.88	0.261921944
745.12	0.262227265
745.36	0.262486245
745.6	0.26275025
745.84	0.263083102
746.08	0.263437257
746.32	0.2637529
746.56	0.264079093
746.8	0.264418358
747.04	0.264743266
747.28	0.265062411
747.52	0.26533888
747.76	0.265617654
748	0.265965831
748.24	0.266286167
748.48	0.266569934
748.72	0.266827655
748.96	0.267090913
749.2	0.267363253
749.44	0.267602242
749.68	0.267832248
749.92	0.268064198
750.16	0.268352494
750.4	0.268655032
750.64	0.268928691
750.88	0.269213971
751.12	0.269479713
751.36	0.269763174
751.6	0.270060444
751.84	0.270335203
752.08	0.2706169
752.32	0.27089281
752.56	0.271173374
752.8	0.27144471
753.04	0.271709108
753.28	0.271964958
753.52	0.272193119
753.76	0.272420766
754	0.2726926
754.24	0.272958257
754.48	0.273220716
754.72	0.273447003
754.96	0.273671466
755.2	0.273891465
755.44	0.27413158
755.68	0.274383802
755.92	0.274634674
756.16	0.274907167
756.4	0.275172694
756.64	0.275370889
756.88	0.275562997
757.12	0.275768418
757.36	0.276009049
757.6	0.276251263
757.84	0.276512999
758.08	0.276804045
758.32	0.277116163
758.56	0.277529693
758.8	0.277979265
759.04	0.278482399
759.28	0.278944191
759.52	0.279424868
759.76	0.279844261
760	0.280185527
760.24	0.280438491
760.48	0.280614881
760.72	0.280777577
760.96	0.28097141
761.2	0.281098621
761.44	0.281185585
761.68	0.281229593
761.92	0.281307591
762.16	0.281308278
762.4	0.281354968
762.64	0.281509022
762.88	0.28177875
763.12	0.282069022
763.36	0.282322844
763.6	0.282561414
763.84	0.28273426
764.08	0.282905785
764.32	0.283055125
764.56	0.283236273
764.8	0.283504334
765.04	0.283795229
765.28	0.284053667
765.52	0.284233403
765.76	0.284442785
766	0.284659076
766.24	0.284800605
766.48	0.284991438
766.72	0.285230682
766.96	0.28548464
767.2	0.285706257
767.44	0.285886159
767.68	0.286043495
767.92	0.286232724
768.16	0.286484025
768.4	0.286747594
768.64	0.286996951
768.88	0.287231651
769.12	0.287496427
769.36	0.287687415
769.6	0.287896013
769.84	0.28812923
770.08	0.28839544
770.32	0.28866169
770.56	0.288900475
770.8	0.289101511
771.04	0.289348433
771.28	0.289638727
771.52	0.289971064
771.76	0.290206625
772	0.290455394
772.24	0.290692871
772.48	0.290920406
772.72	0.291140499
772.96	0.291367384
773.2	0.29156165
773.44	0.291764696
773.68	0.291938656
773.92	0.292056821
774.16	0.292153391
774.4	0.292332508
774.64	0.292541373
774.88	0.292737337
775.12	0.292965754
775.36	0.293135835
775.6	0.293337871
775.84	0.293566964
776.08	0.29381567
776.32	0.294012264
776.56	0.294234719
776.8	0.294501663
777.04	0.294731721
777.28	0.29495183
777.52	0.295200418
777.76	0.295417397
778	0.295664772
778.24	0.295759175
778.48	0.295858424
778.72	0.296103439
778.96	0.296371973
779.2	0.296640183
779.44	0.296914318
779.68	0.297172593
779.92	0.29746606
780.16	0.297726627
780.4	0.297934704
780.64	0.298161415
780.88	0.298246461
781.12	0.298330913
781.36	0.29854068
781.6	0.298737065
781.84	0.29896051
782.08	0.299168909
782.32	0.299392158
782.56	0.299533884
782.8	0.299684886
783.04	0.299946555
783.28	0.300195514
783.52	0.300390852
783.76	0.300566495
784	0.300726839
784.24	0.30093913
784.48	0.301142108
784.72	0.301326723
784.96	0.301466326
785.2	0.301664812
785.44	0.301911278
785.68	0.302108228
785.92	0.302234288
786.16	0.302469069
786.4	0.302728554
786.64	0.302982196
786.88	0.303191961
787.12	0.303344993
787.36	0.303567443
787.6	0.303825802
787.84	0.304069712
788.08	0.304268903
788.32	0.304433111
788.56	0.304717804
788.8	0.30496555
789.04	0.30518049
789.28	0.305401173
789.52	0.305636428
789.76	0.305894183
790	0.30612222
790.24	0.306386869
790.48	0.306642087
790.72	0.306876263
790.96	0.307075272
791.2	0.3072422
791.44	0.307424888
791.68	0.307622599
791.92	0.307840773
792.16	0.308048378
792.4	0.308255059
792.64	0.30844723
792.88	0.308572776
793.12	0.308791808
793.36	0.309051973
793.6	0.309348881
793.84	0.309621253
794.08	0.309855722
794.32	0.310089505
794.56	0.310306775
794.8	0.310549573
795.04	0.310802881
795.28	0.311042413
795.52	0.311332281
795.76	0.311547558
796	0.311725907
796.24	0.311913591
796.48	0.312087245
796.72	0.312229479
796.96	0.31238624
797.2	0.312566803
797.44	0.312717228
797.68	0.312900851
797.92	0.313081234
798.16	0.313224613
798.4	0.313356678
798.64	0.313535845
798.88	0.313710478
799.12	0.313915495
799.36	0.314165126
799.6	0.314396659
799.84	0.314598914
800.08	0.314825173
800.32	0.314977633
800.56	0.315133744
800.8	0.315346991
801.04	0.315567089
801.28	0.315750209
801.52	0.315961769
801.76	0.316173725
802	0.316342322
802.24	0.316559179
802.48	0.316811594
802.72	0.317082407
802.96	0.317367586
803.2	0.317634879
803.44	0.317921341
803.68	0.318185266
803.92	0.318433569
804.16	0.318639716
804.4	0.318848228
804.64	0.319079361
804.88	0.319243141
805.12	0.319359809
805.36	0.31944526
805.6	0.319581632
805.84	0.319772516
806.08	0.319944885
806.32	0.320127745
806.56	0.320291734
806.8	0.320503501
807.04	0.320744097
807.28	0.320962871
807.52	0.321200138
807.76	0.321471431
808	0.321756594
808.24	0.322061779
808.48	0.322279236
808.72	0.322415749
808.96	0.322572622
809.2	0.322773572
809.44	0.322941106
809.68	0.323035511
809.92	0.323126328
810.16	0.323321665
810.4	0.323552444
810.64	0.323758431
810.88	0.323855315
811.12	0.323970961
811.36	0.324127665
811.6	0.324324399
811.84	0.324475723
812.08	0.32461675
812.32	0.324825292
812.56	0.325062829
812.8	0.325185162
813.04	0.325259882
813.28	0.325362001
813.52	0.325514364
813.76	0.325708304
814	0.325943351
814.24	0.326124074
814.48	0.326303797
814.72	0.326454444
814.96	0.326588212
815.2	0.326762482
815.44	0.326930253
815.68	0.327110556
815.92	0.327317367
816.16	0.327448956
816.4	0.327626201
816.64	0.327772424
816.88	0.327902382
817.12	0.328069016
817.36	0.328280649
817.6	0.328459103
817.84	0.32861487
818.08	0.328852499
818.32	0.329135278
818.56	0.329368217
818.8	0.329653155
819.04	0.329883297
819.28	0.330129972
819.52	0.330385382
819.76	0.330592906
820	0.330774314
820.24	0.330990803
820.48	0.331248948
820.72	0.331494547
820.96	0.331601385
821.2	0.331680381
821.44	0.331793186
821.68	0.33193936
821.92	0.332045508
822.16	0.332173012
822.4	0.332283994
822.64	0.332429382
822.88	0.332687615
823.12	0.332912371
823.36	0.333073989
823.6	0.33336283
823.84	0.333672943
824.08	0.333903735
824.32	0.334070379
824.56	0.334286706
824.8	0.334537767
825.04	0.334898591
825.28	0.335248927
825.52	0.335444405
825.76	0.335611957
826	0.335751967
826.24	0.335755864
826.48	0.335791269
826.72	0.335965035
826.96	0.336186262
827.2	0.336409288
827.44	0.336615657
827.68	0.336790436
827.92	0.337027404
828.16	0.337259331
828.4	0.337466495
828.64	0.337728857
828.88	0.338016687
829.12	0.338332472
829.36	0.338601951
829.6	0.338843972
829.84	0.339103
830.08	0.339292864
830.32	0.339506096
830.56	0.339677088
830.8	0.339865756
831.04	0.340099279
831.28	0.340339354
831.52	0.340561302
831.76	0.340702156
832	0.340845981
832.24	0.341020822
832.48	0.341151811
832.72	0.341339703
832.96	0.341525722
833.2	0.341686032
833.44	0.341824065
833.68	0.341980316
833.92	0.342208534
834.16	0.342557837
834.4	0.342916263
834.64	0.343245076
834.88	0.343533494
835.12	0.34379179
835.36	0.343982788
835.6	0.344159424
835.84	0.344349288
836.08	0.344681767
836.32	0.345008006
836.56	0.345257625
836.8	0.34543804
837.04	0.345654578
837.28	0.345923013
837.52	0.346118017
837.76	0.346338905
838	0.346640932
838.24	0.346917375
838.48	0.347155054
838.72	0.347297471
838.96	0.347467313
839.2	0.347624145
839.44	0.347748065
839.68	0.347858481
839.92	0.347964577
840.16	0.34817122
840.4	0.348370745
840.64	0.348537786
840.88	0.348672078
841.12	0.348859673
841.36	0.349049726
841.6	0.349197861
841.84	0.349353741
842.08	0.349606959
842.32	0.349807112
842.56	0.349945048
842.8	0.350084132
843.04	0.350316547
843.28	0.350593172
843.52	0.350851619
843.76	0.351082224
844	0.351290554
844.24	0.351457499
844.48	0.351596097
844.72	0.35168397
844.96	0.35192775
845.2	0.35221614
845.44	0.352464487
845.68	0.352603014
845.92	0.352715065
846.16	0.352919576
846.4	0.353124585
846.64	0.353310914
846.88	0.353513807
847.12	0.353763383
847.36	0.354084503
847.6	0.354302759
847.84	0.354433865
848.08	0.354545488
848.32	0.354685799
848.56	0.354854888
848.8	0.354916083
849.04	0.35509708
849.28	0.355265576
849.52	0.355388054
849.76	0.355498662
850	0.355591526
850.24	0.355695911
850.48	0.355810954
850.72	0.356007123
850.96	0.356253986
851.2	0.35647263
851.44	0.356775893
851.68	0.35694922
851.92	0.357179314
852.16	0.357463623
852.4	0.357735135
852.64	0.35789306
852.88	0.357998906
853.12	0.358178051
853.36	0.358354858
853.6	0.358496627
853.84	0.358613152
854.08	0.358699998
854.32	0.35880723
854.56	0.358891892
854.8	0.35899455
855.04	0.359124718
855.28	0.359310412
855.52	0.35956658
855.76	0.359781711
856	0.359972129
856.24	0.360094656
856.48	0.36020565
856.72	0.360399987
856.96	0.360640722
857.2	0.360727037
857.44	0.360870786
857.68	0.361050184
857.92	0.361275029
858.16	0.361525671
858.4	0.361749703
858.64	0.361962303
858.88	0.362168394
859.12	0.36240503
859.36	0.362585146
859.6	0.362702141
859.84	0.362958028
860.08	0.363135863
860.32	0.363240753
860.56	0.363322886
860.8	0.363362343
861.04	0.363377759
861.28	0.363367054
861.52	0.363432597
861.76	0.36347796
862	0.363500706
862.24	0.36356559
862.48	0.363719575
862.72	0.363833331
862.96	0.363936727
863.2	0.363966515
863.44	0.363942813
863.68	0.364015566
863.92	0.364089165
864.16	0.364137748
864.4	0.364203278
864.64	0.364264627
864.88	0.364239542
865.12	0.364069237
865.36	0.363871153
865.6	0.36378847
865.84	0.363794463
866.08	0.363802792
866.32	0.363814405
866.56	0.363793639
866.8	0.363802111
867.04	0.36379234
867.28	0.363681291
867.52	0.363620896
867.76	0.363623735
868	0.363735802
868.24	0.363751223
868.48	0.363621401
868.72	0.363464703
868.96	0.363113872
869.2	0.362686563
869.44	0.362206389
869.68	0.361743228
869.92	0.361355297
870.16	0.360947926
870.4	0.360510243
870.64	0.360303
870.88	0.360088557
871.12	0.359528983
871.36	0.358891553
871.6	0.358326584
871.84	0.357849947
872.08	0.357397614
872.32	0.356812339
872.56	0.356133785
872.8	0.355345591
873.04	0.354607324
873.28	0.353897915
873.52	0.353135117
873.76	0.352418
874	0.35184182
874.24	0.351270507
874.48	0.350743182
874.72	0.350204644
874.96	0.349799054
875.2	0.34945806
875.44	0.349152061
875.68	0.348814752
875.92	0.348590483
876.16	0.348430077
876.4	0.348368396
876.64	0.348317616
876.88	0.348257141
877.12	0.348203881
877.36	0.348214368
877.6	0.348194987
877.84	0.348183254
878.08	0.348244921
878.32	0.348388571
878.56	0.348568954
878.8	0.348759498
879.04	0.348848578
879.28	0.349014449
879.52	0.349342075
879.76	0.349648155
880	0.349936126
880.24	0.350230089
880.48	0.350682328
880.72	0.351203094
880.96	0.351603146
881.2	0.35203052
881.44	0.352631082
881.68	0.35334889
881.92	0.354019645
882.16	0.354595995
882.4	0.355350207
882.64	0.356059398
882.88	0.356720566
883.12	0.357372089
883.36	0.358033893
883.6	0.358772139
883.84	0.359449304
884.08	0.36009044
884.32	0.360694331
884.56	0.361321524
884.8	0.361960427
885.04	0.362425364
885.28	0.362934196
885.52	0.363536854
885.76	0.364087964
886	0.364616614
886.24	0.365166699
886.48	0.365753399
886.72	0.366310767
886.96	0.366845254
887.2	0.367333959
887.44	0.367856633
887.68	0.368414265
887.92	0.368898146
888.16	0.369322753
888.4	0.369664691
888.64	0.370067599
888.88	0.370503138
889.12	0.371048095
889.36	0.371527537
889.6	0.371912677
889.84	0.372410361
890.08	0.372826328
890.32	0.373190993
890.56	0.373568182
890.8	0.373973697
891.04	0.37475918
891.28	0.375377042
891.52	0.375724384
891.76	0.375813256
892	0.375916658
892.24	0.376157803
892.48	0.376236782
892.72	0.376374787
892.96	0.376537936
893.2	0.376833787
893.44	0.377161023
893.68	0.376984091
893.92	0.376840669
894.16	0.377076325
894.4	0.37731971
894.64	0.377563679
894.88	0.377839132
895.12	0.378088464
895.36	0.378263875
895.6	0.37858112
895.84	0.378822116
896.08	0.379039831
896.32	0.379220798
896.56	0.379300417
896.8	0.379417998
897.04	0.379699623
897.28	0.380067641
897.52	0.38031957
897.76	0.380558057
898	0.380868707
898.24	0.381033335
898.48	0.381070776
898.72	0.381065141
898.96	0.381235763
899.2	0.381530753
899.44	0.381716233
899.68	0.381758207
899.92	0.381743214
900.16	0.381755806
900.4	0.381743237
900.64	0.381725531
900.88	0.382009
901.12	0.382319539
901.36	0.382671105
901.6	0.382748049
901.84	0.382705812
902.08	0.382871067
902.32	0.383118305
902.56	0.383368858
902.8	0.383736088
903.04	0.384203922
903.28	0.384559245
903.52	0.384595671
903.76	0.384587025
904	0.384513919
904.24	0.384617215
904.48	0.384873558
904.72	0.385133976
904.96	0.385279699
905.2	0.38527638
905.44	0.385218649
905.68	0.38513853
905.92	0.385059042
906.16	0.38504821
906.4	0.385183674
906.64	0.385521031
906.88	0.385649873
907.12	0.385598671
907.36	0.385648527
907.6	0.385720013
907.84	0.385803761
908.08	0.385929511
908.32	0.385977623
908.56	0.385973749
908.8	0.386090774
909.04	0.386190535
909.28	0.386020878
909.52	0.386047121
909.76	0.386246644
910	0.386048377
910.24	0.385806265
910.48	0.385638259
910.72	0.38531179
910.96	0.385062083
911.2	0.385133897
911.44	0.385089162
911.68	0.384899868
911.92	0.385031765
912.16	0.38519678
912.4	0.385190744
912.64	0.385237368
912.88	0.385357027
913.12	0.385411969
913.36	0.385502479
913.6	0.385641919
913.84	0.385602221
914.08	0.385525179
914.32	0.385575274
914.56	0.385388176
914.8	0.385045325
915.04	0.384763347
915.28	0.384663805
915.52	0.384642621
915.76	0.38466229
916	0.3847347
916.24	0.384701947
916.48	0.384584944
916.72	0.384262555
916.96	0.383904873
917.2	0.383523418
917.44	0.383086403
917.68	0.382798201
917.92	0.382496923
918.16	0.382084685
918.4	0.381772154
918.64	0.381290646
918.88	0.380733309
919.12	0.380354307
919.36	0.380096502
919.6	0.379658366
919.84	0.379223454
920.08	0.379026414
920.32	0.378625113
920.56	0.378097742
920.8	0.377517647
921.04	0.376771428
921.28	0.376496032
921.52	0.376320758
921.76	0.375337077
922	0.374235643
922.24	0.373344557
922.48	0.372471469
922.72	0.371441263
922.96	0.370400916
923.2	0.369386573
923.44	0.368091953
923.68	0.366707799
923.92	0.366095836
924.16	0.365526125
924.4	0.36449215
924.64	0.363493002
924.88	0.362411649
925.12	0.361365196
925.36	0.360249792
925.6	0.359132605
925.84	0.358083246
926.08	0.357311911
926.32	0.356448659
926.56	0.355458661
926.8	0.354403078
927.04	0.352998254
927.28	0.351907442
927.52	0.350855448
927.76	0.349519202
928	0.348239213
928.24	0.346692325
928.48	0.344957019
928.72	0.343232935
928.96	0.341843395
929.2	0.340441805
929.44	0.339007524
929.68	0.337910099
929.92	0.336763693
930.16	0.335292469
930.4	0.334216542
930.64	0.333148926
930.88	0.331864895
931.12	0.329598315
931.36	0.326933219
931.6	0.324748501
931.84	0.322677314
932.08	0.320508192
932.32	0.317766051
932.56	0.314096303
932.8	0.311399688
933.04	0.30836096
933.28	0.304079235
933.52	0.299943594
933.76	0.29637582
934	0.292010131
934.24	0.286640151
934.48	0.280786772
934.72	0.274158525
934.96	0.267676699
935.2	0.261164546
935.44	0.25337472
935.68	0.245447982
935.92	0.237868718
936.16	0.230154668
936.4	0.222958392
936.64	0.216377869
936.88	0.209151912
937.12	0.201986709
937.36	0.195266746
937.6	0.187895251
937.84	0.180668538
938.08	0.17366865
938.32	0.166420455
938.56	0.160059585
938.8	0.154282656
939.04	0.148343261
939.28	0.143037679
939.52	0.138953952
939.76	0.13507411
940	0.131182655
940.24	0.128430309
940.48	0.126177748
940.72	0.124537952
940.96	0.122910414
941.2	0.121978702
941.44	0.120740278
941.68	0.119223994
941.92	0.117033438
942.16	0.114633935
942.4	0.112974097
942.64	0.112172801
942.88	0.112841556
943.12	0.113619829
943.36	0.113240544
943.6	0.113422176
943.84	0.113119248
944.08	0.113246426
944.32	0.113972428
944.56	0.116449046
944.8	0.119324159
945.04	0.121560201
945.28	0.122955827
945.52	0.122645372
945.76	0.122669902
946	0.123934607
946.24	0.125394999
946.48	0.126777086
946.72	0.128163588
946.96	0.129377969
947.2	0.130127943
947.44	0.130691069
947.68	0.130587373
947.92	0.130959166
948.16	0.13253832
948.4	0.135034596
948.64	0.138231976
948.88	0.140801679
949.12	0.143355509
949.36	0.146093372
949.6	0.148639965
949.84	0.15077935
950.08	0.153512637
950.32	0.157522611
950.56	0.162286442
950.8	0.166755644
951.04	0.170287091
951.28	0.17256133
951.52	0.175242806
951.76	0.177973683
952	0.181072554
952.24	0.184568992
952.48	0.18782834
952.72	0.19087027
952.96	0.19301669
953.2	0.194406188
953.44	0.196155866
953.68	0.197837311
953.92	0.199845462
954.16	0.202281644
954.4	0.205165829
954.64	0.207353495
954.88	0.209833406
955.12	0.212239323
955.36	0.214724822
955.6	0.218299052
955.84	0.221486985
956.08	0.224599718
956.32	0.227261949
956.56	0.230514656
956.8	0.233240701
957.04	0.235786851
957.28	0.237943478
957.52	0.240760584
957.76	0.242278909
958	0.244744667
958.24	0.247822972
958.48	0.251359545
958.72	0.25383937
958.96	0.256738719
959.2	0.25961301
959.44	0.262618121
959.68	0.265396512
959.92	0.268480551
960.16	0.271023387
960.4	0.275057629
960.64	0.27756879
960.88	0.279118614
961.12	0.280601574
961.36	0.28247446
961.6	0.284821656
961.84	0.287128955
962.08	0.289388381
962.32	0.291651784
962.56	0.294376655
962.8	0.296703321
963.04	0.29899041
963.28	0.301012856
963.52	0.302397864
963.76	0.304396625
964	0.306659718
964.24	0.308449868
964.48	0.309937464
964.72	0.311584254
964.96	0.313386636
965.2	0.315206808
965.44	0.316972995
965.68	0.31900256
965.92	0.321504799
966.16	0.324281503
966.4	0.327027745
966.64	0.329382244
966.88	0.331359302
967.12	0.333277274
967.36	0.335204
967.6	0.336866383
967.84	0.338186108
968.08	0.339589029
968.32	0.34094471
968.56	0.342041198
968.8	0.343549754
969.04	0.344538326
969.28	0.345634588
969.52	0.347296246
969.76	0.34886086
970	0.350519468
970.24	0.352062304
970.48	0.353310191
970.72	0.354424004
970.96	0.355458835
971.2	0.356575721
971.44	0.357626968
971.68	0.35812751
971.92	0.359081875
972.16	0.360729613
972.4	0.362656656
972.64	0.363881432
972.88	0.36500817
973.12	0.366526627
973.36	0.368424377
973.6	0.370352809
973.84	0.371913714
974.08	0.372932351
974.32	0.374585845
974.56	0.375466358
974.8	0.375800457
975.04	0.37623026
975.28	0.377262369
975.52	0.378199089
975.76	0.379071733
976	0.379828922
976.24	0.380556479
976.48	0.381876325
976.72	0.383535305
976.96	0.385072503
977.2	0.386570068
977.44	0.387325481
977.68	0.387726298
977.92	0.388497919
978.16	0.389195387
978.4	0.390085489
978.64	0.390926978
978.88	0.391471054
979.12	0.391790061
979.36	0.392206738
979.6	0.392838759
979.84	0.393898473
980.08	0.395425634
980.32	0.396901955
980.56	0.39772175
980.8	0.39842716
981.04	0.398976534
981.28	0.399726598
981.52	0.400772424
981.76	0.401699833
982	0.402217096
982.24	0.402778417
982.48	0.403366584
982.72	0.404013573
982.96	0.404496536
983.2	0.404797481
983.44	0.405773245
983.68	0.406789263
983.92	0.407536444
984.16	0.408526946
984.4	0.409596935
984.64	0.410799736
984.88	0.411841336
985.12	0.412473061
985.36	0.412853213
985.6	0.413572669
985.84	0.414451735
986.08	0.415149648
986.32	0.415554624
986.56	0.416311495
986.8	0.416883727
987.04	0.417282728
987.28	0.417764762
987.52	0.418568542
987.76	0.419394956
988	0.420008035
988.24	0.420544309
988.48	0.421257954
988.72	0.422099568
988.96	0.422912891
989.2	0.423385161
989.44	0.424015754
989.68	0.424536182
989.92	0.424963127
990.16	0.425455207
990.4	0.425830868
990.64	0.426508431
990.88	0.426862901
991.12	0.427711381
991.36	0.427555174
991.6	0.427607793
991.84	0.42832751
992.08	0.429014268
992.32	0.429819364
992.56	0.430449636
992.8	0.430481991
993.04	0.430870964
993.28	0.431365552
993.52	0.432109215
993.76	0.432093869
994	0.432894175
994.24	0.433089804
994.48	0.433158071
994.72	0.434042419
994.96	0.433722468
995.2	0.433587842
995.44	0.433962844
995.68	0.434447713
995.92	0.434708218
996.16	0.434846688
996.4	0.435524653
996.64	0.436417348
996.88	0.437484169
997.12	0.437196707
997.36	0.43631365
997.6	0.437090661
997.84	0.437520951
998.08	0.437516094
998.32	0.437324537
998.56	0.437450296
998.8	0.437927472
999.04	0.493844872
999.28	0.54963177
999.52	0.606985054
999.76	0.664554922
1000	0.720072069
1000.24	0.775146152
1000.48	0.831553776
1000.72	0.887927758
1000.96	0.943677522
1001.2	0.999109559
1001.44	1.054646056
1001.68	1.055704594
1001.92	1.057531989
1002.16	1.057421974
1002.4	1.05645277
1002.64	1.05677928
1002.88	1.058017548
1003.12	1.058303523
1003.36	1.058696413
1003.6	1.059453259
1003.84	1.060518783
1004.08	1.062600067
1004.32	1.063407852
1004.56	1.062837706
1004.8	1.06268451
1005.04	1.063472085
1005.28	1.064105884
1005.52	1.064157484
1005.76	1.06490126
1006	1.065886525
1006.24	1.067450119
1006.48	1.068299497
1006.72	1.067904011
1006.96	1.068320452
1007.2	1.069717849
1007.44	1.071214029
1007.68	1.073406559
1007.92	1.075784467
1008.16	1.076126084
1008.4	1.076396665
1008.64	1.077985992
1008.88	1.078484872
1009.12	1.078451965
1009.36	1.078127063
1009.6	1.077653742
1009.84	1.077291399
1010.08	1.077587883
1010.32	1.078362588
1010.56	1.078540661
1010.8	1.079070215
1011.04	1.078419422
1011.28	1.076279539
1011.52	1.076787222
1011.76	1.078699592
1012	1.081301119
1012.24	1.082617632
1012.48	1.081570259
1012.72	1.081169216
1012.96	1.079462039
1013.2	1.078973277
1013.44	1.079170385
1013.68	1.079846035
1013.92	1.080478397
1014.16	1.080874013
1014.4	1.079639877
1014.64	1.078066835
1014.88	1.076883499
1015.12	1.076345857
1015.36	1.076161888
1015.6	1.075686894
1015.84	1.074451845
1016.08	1.074361942
1016.32	1.073785916
1016.56	1.074124859
1016.8	1.073234781
1017.04	1.075074405
1017.28	1.074443148
1017.52	1.07324655
1017.76	1.075431917
1018	1.077980419
1018.24	1.078371389
1018.48	1.079501833
1018.72	1.08012195
1018.96	1.082175376
1019.2	1.082796358
1019.44	1.081201077
1019.68	1.077400861
1019.92	1.075012257
1020.16	1.075474594
1020.4	1.074257631
1020.64	1.071508866
1020.88	1.071811872
1021.12	1.070680082
1021.36	1.06987215
1021.6	1.068054941
1021.84	1.068040548
1022.08	1.070520289
1022.32	1.073614875
1022.56	1.074384621
1022.8	1.075687468
1023.04	1.077993861
1023.28	1.078661589
1023.52	1.078028696
1023.76	1.078863278
1024	1.078203707
1024.24	1.079036407
1024.48	1.080412544
1024.72	1.081226814
1024.96	1.077963659
1025.2	1.076721923
1025.44	1.075018999
1025.68	1.072901814
1025.92	1.07270881
1026.16	1.073590463
1026.4	1.075005246
1026.64	1.077844532
1026.88	1.07819162
1027.12	1.077517328
1027.36	1.076224283
1027.6	1.078706464
1027.84	1.083065369
1028.08	1.084995093
1028.32	1.08610209
1028.56	1.082542254
1028.8	1.079776256
1029.04	1.078493951
1029.28	1.076485087
1029.52	1.074977067
1029.76	1.070994334
1030	1.07009783
1030.24	1.06950847
1030.48	1.065592446
1030.72	1.063634628
1030.96	1.060955608
1031.2	1.063042295
1031.44	1.064982249
1031.68	1.064862691
1031.92	1.06423328
1032.16	1.064125713
1032.4	1.064957164
1032.64	1.063019183
1032.88	1.062680801
1033.12	1.064782744
1033.36	1.066446648
1033.6	1.068174152
1033.84	1.069017915
1034.08	1.067741208
1034.32	1.067580496
1034.56	1.069883293
1034.8	1.071455268
1035.04	1.074647589
1035.28	1.078111699
1035.52	1.079329372
1035.76	1.080298023
1036	1.079143078
1036.24	1.078542787
1036.48	1.077877054
1036.72	1.078963456
1036.96	1.077353646
1037.2	1.075044143
1037.44	1.076301263
1037.68	1.076379501
1037.92	1.075503834
1038.16	1.072829333
1038.4	1.069142031
1038.64	1.066361892
1038.88	1.066595716
1039.12	1.069736818
1039.36	1.070801115
1039.6	1.071148606
1039.84	1.071731196
1040.08	1.067561604
1040.32	1.063035275
1040.56	1.060553214
1040.8	1.060034992
1041.04	1.064473009
1041.28	1.071692893
1041.52	1.072192189
1041.76	1.066737224
1042	1.064956843
1042.24	1.067519981
1042.48	1.069873269
1042.72	1.075119604
1042.96	1.080650923
1043.2	1.085847049
1043.44	1.089248348
1043.68	1.087698893
1043.92	1.084199784
1044.16	#N/D
1044.4	#N/D
1044.64	#N/D
1044.88	#N/D
1045.12	#N/D
1045.36	#N/D
1045.6	#N/D
1045.84	#N/D
1046.08	#N/D
1046.32	#N/D
1046.56	#N/D
1046.8	#N/D
1047.04	1.088799828
1047.28	1.087009216
1047.52	1.086327699
1047.76	1.08724509
1048	1.086076058
1048.24	1.082072791
1048.48	1.081940974
1048.72	1.081982065
1048.96	1.08024516
1049.2	1.078229658
1049.44	1.077209435
1049.68	1.076928787
1049.92	1.076963066
1050.16	1.07700912
1050.4	1.072745781
1050.64	1.068894563
1050.88	1.067959903
1051.12	1.065083807
1051.36	1.060472389
1051.6	1.052776272
1051.84	1.046562167
1052.08	1.041793482
1052.32	1.037768583
1052.56	1.033421634
1052.8	1.028358227
1053.04	1.0281435
1053.28	1.031540731
1053.52	1.033697704
1053.76	1.032787732
1054	1.029706995
1054.24	1.02980774
1054.48	1.030483868
1054.72	1.031331384
1054.96	1.03182328
1055.2	1.035085501
1055.44	1.041375515
1055.68	1.048474319
1055.92	1.050017081
1056.16	1.045490113
1056.4	1.046764328
1056.64	1.051776398
1056.88	1.053901904
1057.12	1.052070299
1057.36	1.050957048
1057.6	1.052067581
1057.84	1.050404841
1058.08	1.047239229
1058.32	1.043593685
1058.56	1.039182223
1058.8	1.041553591
1059.04	1.04491863
1059.28	1.048843743
1059.52	1.057381091
1059.76	1.066844442
1060	1.072190048
1060.24	1.07623088
1060.48	1.075729417
1060.72	1.070512321
1060.96	1.060027661
1061.2	1.053185185
1061.44	1.044394373
1061.68	1.034006548
1061.92	1.025736022
1062.16	1.010147643
1062.4	0.998876086
1062.64	1.005036732
1062.88	1.005036732
1063.12	1.001954687
1063.36	1.005976434
1063.6	1.01057765
1063.84	1.011542604
1064.08	1.022007341
1064.32	1.039401614
1064.56	1.045531333
1064.8	1.042671399
1065.04	1.036201928
1065.28	1.026074105
1065.52	1.023350746
1065.76	1.027794765
1066	1.032830576
1066.24	1.03523267
1066.48	1.036070363
1066.72	1.023988155
1066.96	1.004595525
1067.2	0.994044936
1067.44	0.998788853
1067.68	1.016265156
1067.92	1.04001266
1068.16	1.050118793
1068.4	1.048003983
1068.64	1.041608129
1068.88	1.03931865
1069.12	1.041068621
1069.36	1.049640085
1069.6	1.059497984
1069.84	1.065661932
1070.08	1.070109416
1070.32	1.064354356
1070.56	1.045975091
1070.8	1.039203823
1071.04	1.037062813
1071.28	1.039578114
1071.52	1.048645756
1071.76	1.057075485
1072	1.061427404
1072.24	1.068361916
1072.48	1.082077892
1072.72	1.087440902
1072.96	1.082046099
1073.2	1.081130859
1073.44	1.083360032
1073.68	1.091474423
1073.92	1.093755973
1074.16	1.076048215
1074.4	1.060136496
1074.64	1.059817151
1074.88	1.058839853
1075.12	1.046960302
1075.36	1.046259476
1075.6	1.049210177
1075.84	1.042948402
1076.08	1.039005345
1076.32	1.037969505
1076.56	1.03025741
1076.8	1.032672868
1077.04	1.036453895
1077.28	1.022413215
1077.52	0.998885893
1077.76	0.991090981
1078	0.977962029
1078.24	0.974644683
1078.48	0.983213543
1078.72	0.989928346
1078.96	0.982259542
1079.2	0.985834086
1079.44	0.998896743
1079.68	1.0103114
1079.92	1.019116072
1080.16	1.050054028
1080.4	1.065095811
1080.64	1.07742427
1080.88	1.075594441
1081.12	1.067800063
1081.36	1.053764042
1081.6	1.059668843
1081.84	1.069493566
1082.08	1.064368983
1082.32	1.051147074
1082.56	1.047750556
1082.8	1.031918408
1083.04	1.017789114
1083.28	1.007518319
1083.52	1.006668774
1083.76	1.004005799
1084	1.013827124
1084.24	1.005194789
1084.48	0.992075305
1084.72	0.980587449
1084.96	0.987667924
1085.2	0.996029815
1085.44	0.998497276
1085.68	1.000523541
1085.92	1.001963637
1086.16	1.003759312
1086.4	1.007152199
1086.64	1.000631322
1086.88	1.020098138
1087.12	1.023838131
1087.36	1.02735166
1087.6	1.023415837
1087.84	1.028033549
1088.08	1.03431236
1088.32	1.052180102
1088.56	1.059865041
1088.8	1.068087556
1089.04	1.078202917
1089.28	1.079637661
1089.52	1.060152822
1089.76	1.057659887
1090	1.050455819
1090.24	1.048693423
1090.48	1.045841111
1090.72	1.000167455
1090.96	0.97595648
1091.2	0.985153355
1091.44	1.081339649
1091.68	0.797319963
1091.92	0.797118363
1092.16	0.812907519
1092.4	0.879140718
1092.64	0.905906996
1092.88	0.920926404
1093.12	0.915191012
1093.36	0.947208907
1093.6	0.950557915
1093.84	0.935684926
1094.08	0.856826498
1094.32	1.12782188
1094.56	1.113744447
1094.8	1.088127431
1095.04	1.001514189
1095.28	0.982412003
1095.52	0.967773899
1095.76	0.955781123
1096	0.977143434
1096.24	0.998434624
1096.48	1.006027227
1096.72	1.040972566
1096.96	1.070144703
1097.2	1.080134828
1097.44	1.103575165
1097.68	1.141258033
1097.92	1.176455862
1098.16	1.176282405
1098.4	1.207341597
1098.64	1.217286073
1098.88	1.1945117
1099.12	1.185548763
1099.36	1.121285667
1099.6	1.08985957
1099.84	1.068906919
1100.08	1.065844548
1100.32	1.052235297
1100.56	1.031561941
1100.8	0.990165918
1101.04	0.959551734
1101.28	0.920736887
1101.52	0.929530451
1101.76	0.944616569
1102	0.864370837
1102.24	1.118756842
1102.48	1.145309241
1102.72	1.12326397
1102.96	1.659616644
1103.2	1.611062624
1103.44	1.639397321
1103.68	1.645015876
1103.92	1.642872861
1104.16	1.643527521
1104.4	1.625780594
1104.64	1.691631613
1104.88	1.615032703
1105.12	1.762121418
1105.36	1.792076053
1105.6	1.266745725
1105.84	1.297174461
1106.08	1.273832174
1106.32	1.272130857
1106.56	1.091884968
1106.8	-0.803923202
1107.04	-0.775889657
1107.28	-0.765890957
1107.52	-1.441381064
1107.76	-0.301835455
1108	-0.390989361
1108.24	-0.479090302
1108.48	-0.509384573
1108.72	-0.503372211
1108.96	-0.40519555
1109.2	-0.207202689
1109.44	1.64327294
1109.68	1.602739063
1109.92	1.673011643
1110.16	2.292519132
1110.4	0.988294734
1110.64	1.059757754
1110.88	1.146908679
1111.12	1.643218514
1111.36	1.834794473
1111.6	1.737831765
1111.84	1.688573826
1112.08	1.700921143
1112.32	1.68161901
1112.56	2.43144448
1112.8	2.440586605
1113.04	2.459775821
1113.28	-0.323536785
1113.52	-0.323536785
1113.76	-0.925361615
1114	-1.349657832
1114.24	-1.452149503
1114.48	-1.479978316
1114.72	-1.491762577
1114.96	-2.782368519
1115.2	-3.927957927
1115.44	-5.08457685
1115.68	-5.105886879
1115.92	-1.849443432
1116.16	-1.532103541
1116.4	-1.482402311
1116.64	-1.221253373
1116.88	-1.220492114
1117.12	-24.36161753
1117.36	-24.32327146
1117.6	-23.31892577
1117.84	-23.11668
1118.08	-22.62415431
1118.32	-22.5990958
1118.56	-22.66879251
1118.8	-22.66748419
1119.04	-22.44444045
1119.28	-22.49854594
1119.52	-22.2907595
1119.76	0.883565101
1120	0.872567901
1120.24	0.812687162
1120.48	0.647167256
1120.72	0.980488944
1120.96	0.970993536
1121.2	1.147570214
1121.44	1.172882842
1121.68	1.111506076
