     400     0.02098539     0.01970142     0.02750452     0.02513785     0.88206514     0.76167110
     401     0.01885781     0.01771554     0.02425882     0.02219121     0.88585210     0.76505807
     402     0.01724785     0.01621818     0.02178829     0.01995115     0.88874574     0.76766357
     403     0.01606965     0.01514448     0.01993560     0.01828706     0.89098078     0.76974579
     404     0.01520521     0.01444571     0.01856766     0.01712389     0.89280276     0.77165105
     405     0.01522265     0.01452075     0.01842422     0.01703788     0.89318222     0.77220320
     406     0.01572590     0.01503478     0.01892419     0.01752662     0.89284737     0.77212461
     407     0.01645381     0.01578857     0.01973389     0.01831940     0.89223018     0.77187862
     408     0.01732974     0.01663385     0.02078947     0.01930106     0.89122378     0.77116520
     409     0.01841805     0.01765088     0.02215730     0.02054682     0.88981029     0.77002911
     410     0.01912486     0.01831342     0.02305922     0.02136967     0.88886771     0.76926880
     411     0.01962306     0.01877665     0.02368572     0.02193861     0.88820924     0.76873391
     412     0.02014517     0.01928729     0.02432793     0.02254045     0.88759351     0.76830466
     413     0.02088782     0.02003435     0.02526303     0.02343114     0.88672246     0.76773589
     414     0.02275557     0.02180190     0.02768532     0.02565139     0.88420447     0.76571540
     415     0.02665812     0.02542740     0.03289179     0.03036832     0.87855086     0.76091172
     416     0.03309175     0.03139777     0.04172990     0.03836044     0.86871887     0.75238973
     417     0.03988343     0.03773315     0.05128545     0.04701167     0.85791832     0.74297102
     418     0.04404295     0.04164758     0.05718888     0.05237493     0.85122864     0.73717947
     419     0.04615972     0.04366783     0.06019265     0.05512303     0.84786066     0.73432420
     420     0.04571147     0.04329755     0.05952314     0.05455442     0.84873293     0.73521454
     421     0.04254240     0.04039529     0.05492927     0.05044419     0.85415444     0.74014520
     422     0.03881068     0.03697106     0.04956954     0.04563968     0.86040987     0.74579726
     423     0.03641975     0.03478389     0.04616821     0.04259357     0.86435259     0.74936056
     424     0.03531061     0.03378179     0.04459583     0.04119430     0.86618639     0.75104465
     425     0.03397259     0.03256787     0.04271834     0.03951936     0.86835326     0.75301515
     426     0.03179350     0.03058082     0.03968361     0.03680342     0.87182180     0.75613498
     427     0.03057993     0.02949075     0.03799732     0.03530609     0.87377156     0.75792506
     428     0.02994876     0.02893086     0.03711408     0.03452691     0.87480680     0.75889445
     429     0.02807864     0.02723738     0.03452009     0.03221212     0.87777886     0.76158784
     430     0.02593871     0.02530924     0.03160890     0.02962069     0.88108956     0.76458545
     431     0.02403482     0.02360440     0.02904662     0.02734722     0.88399570     0.76722999
     432     0.02230295     0.02201705     0.02676049     0.02529086     0.88650539     0.76940510
     433     0.02343573     0.02306186     0.02824287     0.02662930     0.88489615     0.76803337
     434     0.03139520     0.03035652     0.03920913     0.03648402     0.87250999     0.75705179
     435     0.05242017     0.04989395     0.06957147     0.06387447     0.83719843     0.72560705
     436     0.08640602     0.08183809     0.11947534     0.10886257     0.77710192     0.67220361
     437     0.13242220     0.12531376     0.18610025     0.16860169     0.69359087     0.59836496
     438     0.18580514     0.17585946     0.26148600     0.23574331     0.59495455     0.51164959
     439     0.23260959     0.22021505     0.32608780     0.29295449     0.50716203     0.43482100
     440     0.26307204     0.24910301     0.36751181     0.32951364     0.44932830     0.38436196
     441     0.27846384     0.26371961     0.38827896     0.34782091     0.41981541     0.35867020
     442     0.28541951     0.27034423     0.39761911     0.35606185     0.40634546     0.34697695
     443     0.28897800     0.27374472     0.40237272     0.36026290     0.39937223     0.34094487
     444     0.29152033     0.27617935     0.40574407     0.36324635     0.39437329     0.33663381
     445     0.29370233     0.27826997     0.40862056     0.36579280     0.39007954     0.33293713
     446     0.29569605     0.28017614     0.41124553     0.36811275     0.38612244     0.32952902
     447     0.29756099     0.28195540     0.41369941     0.37027787     0.38239044     0.32631315
     448     0.29935959     0.28367043     0.41606602     0.37236474     0.37877225     0.32319494
     449     0.30104314     0.28527516     0.41828079     0.37431669     0.37536162     0.32025605
     450     0.30290594     0.28704587     0.42074049     0.37647998     0.37157812     0.31698862
     451     0.30474360     0.28879201     0.42316678     0.37861293     0.36783639     0.31375680
     452     0.30638259     0.29034926     0.42532694     0.38051141     0.36447651     0.31085698
     453     0.30786508     0.29175765     0.42727719     0.38222494     0.36141918     0.30822017
     454     0.30918337     0.29301089     0.42900777     0.38374581     0.35868047     0.30586094
     455     0.31021708     0.29399531     0.43035673     0.38493237     0.35650213     0.30399009
     456     0.31096730     0.29471260     0.43132819     0.38578873     0.35487918     0.30260312
     457     0.31156058     0.29528917     0.43208406     0.38646284     0.35359992     0.30152082
     458     0.31168453     0.29542021     0.43221626     0.38658884     0.35323167     0.30123021
     459     0.31121725     0.29498631     0.43154913     0.38601037     0.35405219     0.30197247
     460     0.30653185     0.29057656     0.42533378     0.38057325     0.36289271     0.30969661
     461     0.30105620     0.28541452     0.41803667     0.37418333     0.37335015     0.31882962
     462     0.29659214     0.28121282     0.41208310     0.36897328     0.38186959     0.32627656
     463     0.29528469     0.28000214     0.41034599     0.36746724     0.38428656     0.32840815
     464     0.29603094     0.28073680     0.41134136     0.36836248     0.38275976     0.32710646
     465     0.29833113     0.28294083     0.41440042     0.37106890     0.37823105     0.32319098
     466     0.30225105     0.28667375     0.41956480     0.37562244     0.37066110     0.31663489
     467     0.30663450     0.29083739     0.42533312     0.38069801     0.36213173     0.30924310
     468     0.31039322     0.29439173     0.43029723     0.38504947     0.35465545     0.30275355
     469     0.31396815     0.29777501     0.43501183     0.38918357     0.34755242     0.29659075
     470     0.31724844     0.30091020     0.43929697     0.39296774     0.34118242     0.29108979
     471     0.31997780     0.30351192     0.44286107     0.39610830     0.33581833     0.28645524
     472     0.32212875     0.30556244     0.44566617     0.39857930     0.33154469     0.28276598
     473     0.32367244     0.30704212     0.44766244     0.40034459     0.32847911     0.28013020
     474     0.32450345     0.30784930     0.44872003     0.40128846     0.32680254     0.27870276
     475     0.32453225     0.30789385     0.44872629     0.40130752     0.32666866     0.27861357
     476     0.32362398     0.30704957     0.44750396     0.40024756     0.32834376     0.28009502
     477     0.32152790     0.30508881     0.44470987     0.39781628     0.33237411     0.28362954
     478     0.31757838     0.30138527     0.43946496     0.39324508     0.34005777     0.29034907
     479     0.31068028     0.29489229     0.43033126     0.38526108     0.35344688     0.30203347
     480     0.30058015     0.28536143     0.41696648     0.37355119     0.37295467     0.31903949
     481     0.28877515     0.27421740     0.40131729     0.35982534     0.39569596     0.33886663
     482     0.27788424     0.26394439     0.38684434     0.34712679     0.41662884     0.35713111
     483     0.26987947     0.25640420     0.37618832     0.33777795     0.43196081     0.37052288
     484     0.26493934     0.25176390     0.36960718     0.33201072     0.44137943     0.37876446
     485     0.26217020     0.24917804     0.36591847     0.32878854     0.44663055     0.38337525
     486     0.26083335     0.24794453     0.36414620     0.32725100     0.44912673     0.38558078
     487     0.26098628     0.24811927     0.36436744     0.32746793     0.44877633     0.38530128
     488     0.26280916     0.24987404     0.36681643     0.32964685     0.44524209     0.38224520
     489     0.26600549     0.25292718     0.37108223     0.33342460     0.43908900     0.37690871
     490     0.26991172     0.25665182     0.37626907     0.33801267     0.43158536     0.37040133
     491     0.27369658     0.26025585     0.38128139     0.34244133     0.42428775     0.36407214
     492     0.27679408     0.26321056     0.38537118     0.34605828     0.41831047     0.35889569
     493     0.27841697     0.26476633     0.38747841     0.34792913     0.41521395     0.35623168
     494     0.27984644     0.26614367     0.38935278     0.34959728     0.41244044     0.35384635
     495     0.27985020     0.26616840     0.38933421     0.34959764     0.41239611     0.35383755
     496     0.27716185     0.26361066     0.38592353     0.34657901     0.41728043     0.35803984
     497     0.27337384     0.26004544     0.38082450     0.34210958     0.42454907     0.36441956
     498     0.26691599     0.25394870     0.37215022     0.33448806     0.43693924     0.37526869
     499     0.25752164     0.24506881     0.35951172     0.32336798     0.45496409     0.39104337
     500     0.24542050     0.23361973     0.34317194     0.30897063     0.47816835     0.41135263
     501     0.23155195     0.22048671     0.32434845     0.29235748     0.50473001     0.43460923
     502     0.21696499     0.20666928     0.30442978     0.27475180     0.53262749     0.45905618
     503     0.20177925     0.19228150     0.28356516     0.25627967     0.56157435     0.48444616
     504     0.18479072     0.17618076     0.26005653     0.23542577     0.59380231     0.51274449
     505     0.16434881     0.15680307     0.23149994     0.21003381     0.63236714     0.54666178
     506     0.14059206     0.13428070     0.19788662     0.18005588     0.67691987     0.58593770
     507     0.11647055     0.11140968     0.16323987     0.14904287     0.72185737     0.62565961
     508     0.09580109     0.09180089     0.13313093     0.12197964     0.76004558     0.65946981
     509     0.08070560     0.07744397     0.11095934     0.10195350     0.78754574     0.68374643
     510     0.07110798     0.06824698     0.09689635     0.08916380     0.80454718     0.69855156
     511     0.06565464     0.06296645     0.08902066     0.08194459     0.81380269     0.70641609
     512     0.06292724     0.06033719     0.08516990     0.07841698     0.81828344     0.71019107
     513     0.06207165     0.05955918     0.08404700     0.07741956     0.81963811     0.71138460
     514     0.06266568     0.06016608     0.08507536     0.07838076     0.81840437     0.71031738
     515     0.06453782     0.06197276     0.08802380     0.08107278     0.81479545     0.70711907
     516     0.06752323     0.06483026     0.09263706     0.08526746     0.80912594     0.70208378
     517     0.07136061     0.06850478     0.09850172     0.09059824     0.80191938     0.69570960
     518     0.07579340     0.07276013     0.10520794     0.09669761     0.79368688     0.68847088
     519     0.08057518     0.07735347     0.11238246     0.10321975     0.78485703     0.68072862
     520     0.08552556     0.08210760     0.11975853     0.10991833     0.77573977     0.67274321
     521     0.09049811     0.08687963     0.12712258     0.11659749     0.76659057     0.66473149
     522     0.09539304     0.09157436     0.13433492     0.12313112     0.75758209     0.65684285
     523     0.10012861     0.09611461     0.14128291     0.12941859     0.74885891     0.64920386
     524     0.10466898     0.10046585     0.14792018     0.13541853     0.74048300     0.64186734
     525     0.10901529     0.10462700     0.15425279     0.14113555     0.73244653     0.63482230
     526     0.11321520     0.10864633     0.16035270     0.14663724     0.72466703     0.62800147
     527     0.11729200     0.11254366     0.16625768     0.15195625     0.71709246     0.62135452
     528     0.12121633     0.11629187     0.17192492     0.15705527     0.70978369     0.61493763
     529     0.12490022     0.11980767     0.17722916     0.16182277     0.70290693     0.60889846
     530     0.12819455     0.12295033     0.18195884     0.16607055     0.69674372     0.60348696
     531     0.13095065     0.12558195     0.18590340     0.16961350     0.69158470     0.59896480
     532     0.13292936     0.12747265     0.18873019     0.17215260     0.68786481     0.59570864
     533     0.13390780     0.12841212     0.19012694     0.17341031     0.68600551     0.59409079
     534     0.13393663     0.12845374     0.19016881     0.17345845     0.68593021     0.59405101
     535     0.13319397     0.12776169     0.18911917     0.17252870     0.68728369     0.59526475
     536     0.13177083     0.12642208     0.18710978     0.17073831     0.68989132     0.59757637
     537     0.12968258     0.12444998     0.18415929     0.16810380     0.69372029     0.60095897
     538     0.12702978     0.12194242     0.18039996     0.16474432     0.69859396     0.60526356
     539     0.12410387     0.11917588     0.17623929     0.16102418     0.70398134     0.61002430
     540     0.12131251     0.11653646     0.17226257     0.15746681     0.70912615     0.61457104
     541     0.11881524     0.11417566     0.16870198     0.15428062     0.71373633     0.61864430
     542     0.11636334     0.11185526     0.16520483     0.15114788     0.71825864     0.62263371
     543     0.11387184     0.10949160     0.16163665     0.14794614     0.72285011     0.62667958
     544     0.11159289     0.10731966     0.15834325     0.14498318     0.72704908     0.63037630
     545     0.10977296     0.10557736     0.15568545     0.14258626     0.73040856     0.63333348
     546     0.10849943     0.10435216     0.15381862     0.14089794     0.73274891     0.63538636
     547     0.10778472     0.10365420     0.15277270     0.13994403     0.73403011     0.63649200
     548     0.10752172     0.10338634     0.15237673     0.13957516     0.73448913     0.63687476
     549     0.10748200     0.10333496     0.15230302     0.13949923     0.73455657     0.63691862
     550     0.10712067     0.10298107     0.15179065     0.13903033     0.73517611     0.63744328
     551     0.10464235     0.10054962     0.14817732     0.13572428     0.73962560     0.64124636
     552     0.09964270     0.09574733     0.14077370     0.12902745     0.74898686     0.64947401
     553     0.09188391     0.08837441     0.12922096     0.11862491     0.76366319     0.66252663
     554     0.08175035     0.07873427     0.11403432     0.10491742     0.78275830     0.67950621
     555     0.07058433     0.06810988     0.09718111     0.08966890     0.80369341     0.69813112
     556     0.05929468     0.05736631     0.08006306     0.07413811     0.82465103     0.71675838
     557     0.05153660     0.04995195     0.06834194     0.06345284     0.83872643     0.72914521
     558     0.04188917     0.04067787     0.05381469     0.05013761     0.85580531     0.74397838
     559     0.03446846     0.03343122     0.04289074     0.04001166     0.86813169     0.75424197
     560     0.03098880     0.03022994     0.03748647     0.03515166     0.87466776     0.76030210
     561     0.02847284     0.02755683     0.03425121     0.03196935     0.87761636     0.76193928
     562     0.02742772     0.02626125     0.03318832     0.03076046     0.87804658     0.76133839
     563     0.02739331     0.02603455     0.03345132     0.03084978     0.87725419     0.76002383
     564     0.02813276     0.02666009     0.03468076     0.03191463     0.87566240     0.75839068
     565     0.02941555     0.02784670     0.03663079     0.03367420     0.87335647     0.75629324
     566     0.03104722     0.02940178     0.03906232     0.03590221     0.87056771     0.75388507
     567     0.03286497     0.03114935     0.04178041     0.03840322     0.86744679     0.75122215
     568     0.03481464     0.03304230     0.04468226     0.04108630     0.86413870     0.74844807
     569     0.03675346     0.03494307     0.04758959     0.04378614     0.86082903     0.74570075
     570     0.03858544     0.03674458     0.05036454     0.04636484     0.85765132     0.74305617
     571     0.04025752     0.03840567     0.05291408     0.04874472     0.85474622     0.74066419
     572     0.04182873     0.03998373     0.05529521     0.05097959     0.85207311     0.73850680
     573     0.04327283     0.04144325     0.05750232     0.05305618     0.84959373     0.73651252
     574     0.04460246     0.04278019     0.05954365     0.05497052     0.84727481     0.73462254
     575     0.04588151     0.04407355     0.06150548     0.05681504     0.84506017     0.73283218
     576     0.04711784     0.04532436     0.06341959     0.05861349     0.84289178     0.73106656
     577     0.04826878     0.04649341     0.06521170     0.06029952     0.84086712     0.72941937
     578     0.04933960     0.04757776     0.06689448     0.06187903     0.83894131     0.72783455
     579     0.05038144     0.04862838     0.06851835     0.06340045     0.83706902     0.72629104
     580     0.05135543     0.04961646     0.07003581     0.06482632     0.83531978     0.72486202
     581     0.05227438     0.05053647     0.07149123     0.06618318     0.83360254     0.72341619
     582     0.05309760     0.05136571     0.07281920     0.06742348     0.83203240     0.72209094
     583     0.05392014     0.05219900     0.07414292     0.06866312     0.83047769     0.72078949
     584     0.05480793     0.05309684     0.07554016     0.06997173     0.82885250     0.71944121
     585     0.05571985     0.05400675     0.07694924     0.07128335     0.82720042     0.71805707
     586     0.05663250     0.05490049     0.07834100     0.07256674     0.82555071     0.71664622
     587     0.05741117     0.05564628     0.07956533     0.07368153     0.82405159     0.71530786
     588     0.05800881     0.05618432     0.08052169     0.07452620     0.82280350     0.71411540
     589     0.05842391     0.05653726     0.08115735     0.07507227     0.82193894     0.71326074
     590     0.05839029     0.05644264     0.08111034     0.07498330     0.82185459     0.71305798
     591     0.05771290     0.05572356     0.08008615     0.07399800     0.82293925     0.71386559
     592     0.05643039     0.05442635     0.07814647     0.07217894     0.82513442     0.71564788
     593     0.05470693     0.05276879     0.07550694     0.06976784     0.82830718     0.71843008
     594     0.05285553     0.05104262     0.07259983     0.06715319     0.83195187     0.72177109
     595     0.05094713     0.04927236     0.06964233     0.06449764     0.83566167     0.72517128
     596     0.04903542     0.04749659     0.06676529     0.06190977     0.83922942     0.72839743
     597     0.04721198     0.04579081     0.06407573     0.05947964     0.84250664     0.73131061
     598     0.04582344     0.04450719     0.06196034     0.05757969     0.84515151     0.73372301
     599     0.04464289     0.04340497     0.06013742     0.05593431     0.84740267     0.73576653
     600     0.04365094     0.04244210     0.05857634     0.05449788     0.84927519     0.73739913
     601     0.04266823     0.04150192     0.05708446     0.05313305     0.85106532     0.73896134
     602     0.04172402     0.04056992     0.05566486     0.05181245     0.85270180     0.74031856
     603     0.04097829     0.03979710     0.05449425     0.05069842     0.85398923     0.74133108
     604     0.04021103     0.03899015     0.05328001     0.04953508     0.85528173     0.74232696
     605     0.03958037     0.03830015     0.05221453     0.04849829     0.85642891     0.74318761
     606     0.03873360     0.03744123     0.05093822     0.04729318     0.85784081     0.74430342
     607     0.03781338     0.03652399     0.04948410     0.04593497     0.85953505     0.74572052
     608     0.03691651     0.03563474     0.04806941     0.04461713     0.86116792     0.74709810
     609     0.03578387     0.03452838     0.04636460     0.04303811     0.86310245     0.74872583
     610     0.03480880     0.03356974     0.04487746     0.04165564     0.86481290     0.75015522
     611     0.03399940     0.03276951     0.04353062     0.04040352     0.86643292     0.75155685
     612     0.03320196     0.03197021     0.04229389     0.03924301     0.86781991     0.75269166
     613     0.03229341     0.03106444     0.04092893     0.03796365     0.86932780     0.75391070
     614     0.03184354     0.03054246     0.04024874     0.03727110     0.86996091     0.75424276
     615     0.03161432     0.03022054     0.03972031     0.03671237     0.87054212     0.75458536
     616     0.03183143     0.03035758     0.04019687     0.03709219     0.86982947     0.75371710
     617     0.03216029     0.03064973     0.04094288     0.03775308     0.86882400     0.75266086
     618     0.03275294     0.03120307     0.04190680     0.03862512     0.86766063     0.75158433
     619     0.03318865     0.03161071     0.04257621     0.03923179     0.86686952     0.75087086
