0.05740212
0.05901492
0.06102942
0.06302578
0.06514482
0.06737662
0.06993942
0.07249494
0.07481524
0.07701384
0.07897062
0.08067506
0.08214214
0.0834086
0.08471836
0.0860818
0.08752394
0.08916536
0.09126984
0.09349614
0.09614596
0.09930154
0.1027762
0.1067376
0.1112442
0.1154774
0.1195126
0.1229972
0.126119
0.1290126
0.1316816
0.1340054
0.135869
0.1371608
0.1380376
0.1387898
0.139711
0.140672
0.1419248
0.143258
0.1445636
0.1456828
0.1466112
0.147469
0.14836
0.1494042
0.1507874
0.1520224
0.15257
0.1525936
0.152722
0.1532688
0.1537812
0.1535436
0.1535452
0.1542116
0.1555378
0.158231
0.1642208
0.1731392
0.1838018
0.1944812
0.2041268
0.2131176
0.222074
0.2299862
0.236963
0.2426284
0.2474252
0.2513632
0.2546288
0.2572816
0.260731
0.263415
0.2644716
0.2664278
0.2684606
0.2704136
0.2723104
0.2741694
0.2759226
0.2776728
0.27926
0.2809618
0.2826558
0.2840372
0.285352
0.2866768
0.2879
0.2891508
0.2904292
0.2917778
0.2928992
0.2941416
0.2954272
0.2965908
0.2978618
0.2991108
0.300366
0.3018004
0.3034234
0.3047322
0.3060344
0.3074122
0.3086482
0.3098756
0.3110876
0.3114434
0.3123054
0.3132462
0.3137178
0.3141322
0.3147266
0.3156646
0.3167838
0.317739
0.318752
0.3199632
0.3211892
0.322328
0.3237326
0.3254148
0.3269024
0.328636
0.3296698
0.3311418
0.3322532
0.3336706
0.334664
0.3355806
0.3367908
0.3381848
0.3387826
0.3394716
0.34097
0.3418724
0.3426514
0.3433772
0.3441044
0.3448154
0.3453952
0.3459718
0.346044
0.3465086
0.3471998
0.3477804
0.346703
0.3461968
0.3449488
0.3435352
0.3419556
0.3415142
0.3412302
0.3413306
0.342044
0.3424796
0.3429468
0.3432594
0.3436938
0.3445076
0.3452796
0.346294
0.3471532
0.3483458
0.3497218
0.3509454
0.3523912
0.3535616
0.354853
0.3560802
0.3571058
0.3583326
0.359348
0.3604462
0.3614142
0.3620568
0.362851
0.3634136
0.3635258
0.3637308
0.3637776
0.3633326
0.3630666
0.362441
0.3614864
0.3600552
0.3587754
0.3572292
0.3558318
0.3545192
0
0
0
0
0
0
0
0
0
0
0
0
0
0
0
0
0
0.283594
0.2838728
0.2844404
0.2852172
0.2861044
0.2870524
0.2882128
0.2897452
0.2917794
0.293962
0.2961938
0.2984414
0.3006504
0.3028594
0.3051482
0.3075046
0.3097806
0.312001
0.3141432
0.3161676
0.3181302
0.3200112
0.3218514
0.323579
0.3252426
0.3268366
0.3284066
0.33
0.3315428
0.3330914
0.3346154
0.336092
0.3375784
0.3390844
0.3405812
0.3420578
0.3434436
0.3447154
0.3458724
0.3469066
0.347871
0.3487038
0.3494068
0.3499502
0.350297
0.350508
0.3505014
0.3503464
0.3500658
0.349682
0.3492246
0.34876
0.348316
0.3477548
0.3471566
0.3464648
0.3457024
0.3449782
0.3443454
0.3439594
0.3435236
0.3430482
0.3425078
0.3417616
0.3410408
0.3403996
0.3399614
0
0
0
0
0
0
0
0
0
0
0
0
0
0
0
0
0
0
0
0
0
0
0
0
0
0
0
0
0
0
0
0
0
0
0
0
0
0
0
0
0
0.2673582
0.2693874
0.2716264
0.2740696
0.2765228
0.2788098
0.281002
0.2829632
0.284395
0.2854558
0.2862942
0.286893
0.2872508
0.2878038
0.288183
0.2885846
0.2891432
0.2891602
0.2894946
0.2894482
0.289433
0.2897516
0.2902228
0.2907706
0.2913232
0.2919096
0.2925238
0.2932256
0.2941462
0.2950664
0.2957498
0.296513
0.2976312
0.2983988
0.2987924
0.2989536
0.2987082
0.297747
0.2966484
0.295399
0.2939372
0.2924858
0.291377
0.2902308
0.2893346
0.2888808
0.2887108
0.2884784
0.2880724
0.2878052
0.2876078
0.287495
0.2870262
0.2863612
0.285435
0.283914
0.281927
0.279853
0.2780336
0.2761374
0.2752024
0.2745528
0.27346
0.2721822
0.270811
0.2691422
0.2674738
0.2663204
0.2658164
0.265163
0.2643998
0.2630412
0.262287
0.2619522
0.2609064
0.2609056
0.2611758
0.261584
0.2617408
0.262047
0.2618962
0.2608322
0.2594222
0.2580018
0.2566312
0
0
0
0
0
0
0
0
0
0
0
0
0
0
0
0
0
0
0
0
0
