0.066320357
0.067609669
0.068983168
0.07039414
0.071814373
0.074495295
0.077199216
0.079845286
0.0823909
0.084803467
0.087051797
0.089102783
0.090985972
0.092748187
0.094464418
0.096197284
0.098046206
0.10009577
0.102409948
0.105034597
0.108003647
0.111270798
0.114787733
0.118460048
0.122227162
0.12601188
0.129746215
0.133348715
0.13672449
0.139783287
0.142514168
0.14491844
0.147058738
0.148964071
0.150681671
0.152228608
0.15363933
0.154929431
0.156129904
0.157270044
0.158375567
0.159458056
0.160533811
0.161550524
0.16243767
0.163139836
0.163705374
0.164197994
0.164609508
0.164854967
0.164948649
0.164957334
0.165006289
0.165348678
0.166416913
0.168441348
0.171493037
0.175552963
0.180582053
0.186463349
0.193102702
0.200276677
0.207713925
0.214928096
0.221594443
0.22753304
0.232726832
0.2372138
0.241198872
0.244597982
0.247420083
0.249827255
0.251934098
0.253815048
0.255523333
0.257108832
0.258648132
0.260000654
0.261244566
0.262522732
0.263754238
0.264916659
0.266008065
0.267038274
0.267998016
0.268889655
0.269733614
0.270566867
0.271329349
0.272057183
0.272775106
0.273480414
0.274189995
0.274919331
0.275660035
0.276440035
0.277299158
0.278173651
0.279082238
0.280020133
0.280946916
0.281836314
0.282819294
0.283934672
0.284955571
0.2858819
0.286769918
0.287547128
0.288241914
0.288924356
0.289596324
0.290163702
0.290605777
0.291126947
0.291639281
0.292206775
0.292839862
0.293552299
0.294222115
0.295025943
0.295829603
0.29665344
0.297541545
0.298391817
0.299290372
0.300165499
0.301064239
0.302017157
0.302914632
0.303750249
0.304633118
0.30534664
0.306113152
0.30686865
0.307623698
0.308337139
0.309028467
0.309715184
0.310403411
0.311027041
0.311784293
0.312457093
0.312972373
0.313336676
0.313438581
0.31340857
0.31318286
0.312798103
0.312295418
0.311635357
0.311093686
0.310602519
0.310244523
0.310127581
0.310167927
0.310382403
0.310781
0.311305666
0.311906964
0.312512274
0.313223782
0.314056733
0.314949426
0.315897153
0.316904393
0.318019599
0.319136234
0.320335518
0.321497278
0.322658033
0.323782591
0.324843895
0.325887917
0.326813478
0.32762592
0.328372811
0.329044354
0.329604307
0.33006098
0.33037928
0.330597953
0.33061142
0.3305005
0.330228073
0.329847223
0.329420253
0.329072649
0.329406536
0.329214913
0.329007221
0.328881533
0.32886644
0.329122097
0.329760405
0.332630427
0.320887059
0.302625474
0.294885222
0.290238257
0.28743248
0.285671853
0.284463776
0.283534754
0.27692537
0.275097294
0.274835749
0.275535676
0.276230739
0.276805635
0.277357911
0.277978281
0.278776887
0.279728305
0.280872806
0.282111045
0.283438835
0.284956609
0.286597119
0.288280906
0.290017626
0.291770714
0.293507671
0.295289011
0.297065438
0.29881705
0.300565427
0.302272894
0.303928843
0.305523766
0.307052498
0.308569056
0.31004829
0.311505034
0.312908274
0.314284865
0.315655431
0.31699975
0.318322054
0.319627734
0.32089438
0.322105407
0.323245963
0.324377041
0.32543365
0.326405913
0.327299116
0.32809355
0.328781858
0.329402623
0.3299145
0.330337005
0.330606037
0.330787165
0.330900087
0.330899071
0.330844912
0.330755057
0.33054712
0.330326917
0.330025968
0.329712762
0.329361131
0.329005861
0.328666185
0.32826654
0.327777686
0.32724362
0.326761678
0.326317
0.325949263
0.325507616
0.325029186
0.324755504
0.324604418
0.324461787
0.324190437
0.323783707
0.323679811
0.32352263
0.323494604
0.323531943
0.323228798
0.322577736
0.32172648
0.321306954
0.295923273
0.295923273
0.295923273
0.295923273
0.295923273
0.295923273
0.295923273
0.295923273
0.295923273
0.295923273
0.295923273
0.295923273
0.295923273
0.295923273
0.295923273
0.295923273
0.295923273
0.295923273
0.295923273
0.295923273
0.295923273
0.270539592
0.257427097
0.258114201
0.261110242
0.261420863
0.262849732
0.264947998
0.266295806
0.267461507
0.268405078
0.273575368
0.275694065
0.27702076
0.27976813
0.280440367
0.280542427
0.28176726
0.28314225
0.283969094
0.283354745
0.284387659
0.284957298
0.284737989
0.286174305
0.286637778
0.286302881
0.286396516
0.286702879
0.287169648
0.287087921
0.287259864
0.287516368
0.287945817
0.28972683
0.291315496
0.292183724
0.292779854
0.292674741
0.292956513
0.29314421
0.293679077
0.293902198
0.293024504
0.292651279
0.292297704
0.291923059
0.291860733
0.291185299
0.289915143
0.28730787
0.284398244
0.282359047
0.279464819
0.276729185
0.275153316
0.274203871
0.274048082
0.274100524
0.275865567
0.276938017
0.276808214
0.277136412
0.277810291
0.277247189
0.275829399
0.274141313
0.273299382
0.271317544
0.269647381
0.268544928
0.268091577
0.267390273
0.266726081
0.266065952
0.265341425
0.262403369
0.259031552
0.256925579
0.256593808
0.254805057
0.253783532
0.252345621
0.251951072
0.251405122
0.252784771
0.256490802
0.259937634
0.257312601
0.2597216
0.259499119
0.258992225
0.259214399
0.259738565
0.260055048
0.25804015
0.25371372
0.260050644
0.253532632
0.248492241
0.248492241
0.248492241
0.248492241
0.248492241
0.248492241
0.248492241
0.248492241
0.248492241
0.248492241
0.248492241
0.248492241
0.248492241
0.248492241
0.248492241
0.248492241
0.248492241
