x	"base+ ygrow+ydec-a4, slop d -0.041"	first mod
100	0.100705938	0.100705938
101	0.100967062	0.100967062
102	0.101294553	0.101294553
103	0.101703637	0.101703637
104	0.102212866	0.102212866
105	0.102844794	0.102844794
106	0.103626795	0.103626795
107	0.104592013	0.104592013
108	0.105780465	0.105780465
109	0.107240307	0.107240307
110	0.109029269	0.109029269
111	0.111216217	0.111216217
112	0.11388283	0.11388283
113	0.117125286	0.117125286
114	0.12105585	0.12105585
115	0.125804129	0.125804129
116	0.131517719	0.131517719
117	0.138361822	0.138361822
118	0.146517303	0.146517303
119	0.156176531	0.156176531
120	0.167536321	0.167536321
121	0.180787306	0.180787306
122	0.196099332	0.196099332
123	0.21360298	0.21360298
124	0.233368116	0.233368116
125	0.255381507	0.255381507
126	0.279526686	0.279526686
127	0.305570194	0.305570194
128	0.333158453	0.333158453
129	0.361828516	0.361828516
130	0.391033625	0.391033625
131	0.420181335	0.420181335
132	0.448678889	0.448678889
133	0.475978593	0.475978593
134	0.501615941	0.444393532
135	0.52523517	0.466450689
136	0.546600007	0.48625553
137	0.565590543	0.503693092
138	0.582189468	0.51875149
139	0.596461942	0.531501809
140	0.608533203	0.542075739
141	0.618567126	0.550644144
142	0.626747741	0.557398605
143	0.63326464	0.562536836
144	0.638302355	0.566252074
145	0.642033317	0.568726038
146	0.644613718	0.570124792
147	0.646181591	0.570596815
148	0.646856467	0.570272638
149	0.646740062	0.5692655
150	0.645917589	0.567672633
151	0.644459411	0.565576848
152	0.642422809	0.563048246
153	0.639853748	0.5601459
154	0.636788556	0.556919438
155	0.63325548	0.553410484
156	0.629276093	0.549653931
157	0.624866565	0.545679059
158	0.620038791	0.541510494
159	0.614801399	0.537169025
160	0.609160642	0.532672295
161	0.603121206	0.528035382
162	0.596686924	0.523271283
163	0.589861417	0.518391314
164	0.582648678	0.513405445
165	0.575053585	0.508322573
166	0.567082363	0.503150749
167	0.558742988	0.497897357
168	0.55004553	0.492569266
169	0.541002441	0.487172948
170	0.531628777	0.481714577
171	0.521942349	0.476200103
172	0.51196381	0.470635312
173	0.501716659	0.465025871
174	0.491227181	0.459377363
175	0.480524297	0.453695314
176	0.469639349	0.447985204
177	0.458605816	0.442252485
178	0.447458959	0.436502579
179	0.436235417	0.430740882
180	0.424972761	0.424972761
181	0.413709012	0.419203547
182	0.402482148	0.413438528
183	0.391329604	0.407682935
184	0.380287794	0.401941939
185	0.369391646	0.396220629
186	0.358674188	0.390524006
187	0.34816618	0.384856969
188	0.337895801	0.379224298
189	0.327888401	0.373630647
190	0.318166326	0.368080526
191	0.3087488	0.362578293
192	0.299651879	0.357128142
193	0.290888461	0.351734092
194	0.282468363	0.346399977
195	0.274398428	0.34112944
196	0.26668269	0.335925923
197	0.259322562	0.330792665
198	0.252317052	0.325732692
199	0.245662992	0.320748816
200	0.239355286	0.315843632
201	0.233387143	0.311019517
202	0.22775033	0.306278628
203	0.222435397	0.301622904
204	0.217431904	0.297054066
205	0.212728626	0.292573622
206	0.208313751	0.288182869
207	0.204175048	0.283882896
208	0.200300029	0.279674592
209	0.196676088	0.27555865
210	0.193290618	0.271535573
211	0.190131121	0.267605682
212	0.187185291	0.263769121
213	0.184441093	0.260025869
214	0.181886818	0.256375744
215	0.179511134	0.252818413
216	0.177303119	0.2493534
217	0.175252291	0.245980095
218	0.173348627	0.242697763
219	0.171582569	0.239505552
220	0.169945035	0.236402499
221	0.168427412	0.233387544
222	0.167021557	0.230459535
223	0.165719785	0.227617236
224	0.164514859	0.224859336
225	0.163399974	0.222184455
226	0.162368745	0.219591154
227	0.161415188	0.217077941
228	0.160533705	0.214643276
229	0.159719062	0.212285584
230	0.158966373	0.21000325
231	0.158271084	0.207794638
232	0.15762895	0.205658087
233	0.157036021	0.20359192
234	0.156488624	0.201594449
235	0.155983345	0.199663979
236	0.155517013	0.197798813
237	0.155086687	0.195997254
238	0.154689636	0.194257614
239	0.154323333	0.192578209
240	0.153985432	0.19095737
241	0.153673762	0.189393442
242	0.153386315	0.187884787
243	0.15312123	0.186429787
244	0.152876787	0.185026845
245	0.152651395	0.183674389
246	0.152443583	0.182370872
247	0.152251992	0.181114773
248	0.152075366	0.179904598
249	0.151912545	0.178738885
250	0.151762457	0.1776162
251	0.151624112	0.17653514
252	0.151496596	0.175494334
253	0.151379068	0.174492442
254	0.151270747	0.173528156
255	0.151170917	0.172600203
256	0.151078914	0.171707339
257	0.150994126	0.170848355
258	0.150915991	0.170022074
259	0.150843988	0.169227351
260	0.150777636	0.168463073
261	0.150716494	0.16772816
262	0.150660154	0.167021563
263	0.150608238	0.166342265
264	0.150560402	0.165689278
265	0.150516324	0.165061646
266	0.15047571	0.164458442
267	0.150438288	0.16387877
268	0.150403808	0.163321759
269	0.150372038	0.162786571
270	0.150342767	0.162272391
271	0.150315797	0.161778435
272	0.150290948	0.161303942
273	0.150268053	0.160848179
274	0.15024696	0.160410436
275	0.150227525	0.15999003
276	0.150209619	0.1595863
277	0.150193122	0.159198607
278	0.150177923	0.158826338
279	0.15016392	0.158468899
280	0.150151018	0.158125717
281	0.150139132	0.157796242
282	0.150128181	0.157479942
283	0.150118091	0.157176305
284	0.150108796	0.156884837
285	0.150100232	0.156605062
286	0.150092343	0.156336525
287	0.150085074	0.156078782
288	0.150078377	0.155831412
289	0.150072207	0.155594004
290	0.150066523	0.155366166
291	0.150061287	0.15514752
292	0.150056462	0.154937702
293	0.150052017	0.154736362
294	0.150047923	0.154543164
295	0.15004415	0.154357783
296	0.150040674	0.154179909
297	0.150037472	0.154009241
298	0.150034522	0.153845493
299	0.150031805	0.153688388
300	0.150029301	0.15353766
